#sample	Description	location_group	Bioregion	Order	Order2	LAT	LON	orthometric_elev	Dist_coast_SCAR	pH_MQ	EC	Esssential_cations	Temp	Precip	Total_Salts	C	Filt	Wt_C	Cl	NO3	SO42	Descriptive_filt	Salt_Log
LSI_11	LSI_11	Livingston Island	AP	1	1	-62.66989	-60.3792	260.181	1	6.196	67.5	6715.86	-2.35	1769.2	56.25	2280	all	0.23	5	0.5	50	low	1.750122527
LSI_12	LSI_12	Livingston Island	AP	1	1	-62.66989	-60.3792	260.181	1	6.323	138.3	7109.66	-2.35	1769.2	56.25	1060	all	0.106	5	0.5	50	low	1.750122527
LSI_13	LSI_13	Livingston Island	AP	1	1	-62.66989	-60.3792	260.181	1	6.587	69.4	6374.95	-2.35	1769.2	56.25	1310	all	0.131	5	0.5	50	low	1.750122527
LSI_14	LSI_14	Livingston Island	AP	1	1	-62.66989	-60.3792	260.181	1	6.47	145.1	7156.4	-2.35	1769.2	56.25	4880	all	0.488	5	0.5	50	low	1.750122527
LSI_15	LSI_15	Livingston Island	AP	1	1	-62.66989	-60.3792	260.181	1	6.575	63.4	6480.83	-2.35	1769.2	56.25	4210	all	0.421	5	0.5	50	low	1.750122527
LSI_4	LSI_4	Livingston Island	AP	1	1	-62.66357	-60.39202	16.3656	0.2	5.566	102.2	7748.1	-1.95	1553.6	105.3	5040	all	0.504	54.05	0.5	50	low	2.022428371
LSI_5	LSI_5	Livingston Island	AP	1	1	-62.66357	-60.39202	16.3656	0.2	5.999	103.9	6906.9	-1.95	1553.6	105.75	4720	all	0.472	54.5	0.5	50	low	2.024280376
LSI_6	LSI_6	Livingston Island	AP	1	1	-62.66357	-60.39202	16.3656	0.2	6.173	83	6804.8	-1.95	1553.6	92.23	3000	all	0.3	40.98	0.5	50	low	1.964872209
LSI_1	LSI_1	Livingston Island	AP	1	1	-62.66347	-60.3917	14.9193	0.1	4.708	134.9	5688.54	-2.05	1623.6	241.93	104900	all	10.49	190.68	0.5	50	low	2.383689725
LSI_2	LSI_2	Livingston Island	AP	1	1	-62.66347	-60.3917	14.9193	0.1	4.95	5.9	6276.76	-2.05	1623.6	323.9	106380	all	10.638	272.65	0.5	50	low	2.510410948
LSI_3	LSI_3	Livingston Island	AP	1	1	-62.66347	-60.3917	14.9193	0.1	4.807	123.8	5798.1	-2.05	1623.6	314.13	122520	all	12.252	257.69	5.69	50	low	2.497109414
LSI_10	LSI_10	Livingston Island	AP	1	1	-62.66187	-60.394	2.65518	0	5.44	203	7391.2	-1.95	1553.6	103.71	49710	all	4.97	48.52	4.44	50	low	2.015820634
LSI_7	LSI_7	Livingston Island	AP	1	1	-62.66187	-60.394	2.65518	0	6.002	157.4	7729.7	-1.95	1553.6	166.77	73550	all	7.355	115.52	0.5	50	low	2.222117929
LSI_8	LSI_8	Livingston Island	AP	1	1	-62.66187	-60.394	2.65518	0	5.767	199.3	801.34	-1.95	1553.6	293.5	108140	all	10.814	215.11	0.5	50	low	2.467608106
LSI_9	LSI_9	Livingston Island	AP	1	1	-62.66187	-60.394	2.65518	0	5.964	277.1	847.25	-1.95	1553.6	56.25	24280	all	2.428	5	0.5	50	low	1.750122527
Control_T	Control_T	Blank	Blank	NA	NA	NA	NA	NA	NA	NA	NA	NA	NA	NA	NA	NA	no	NA	NA	NA	NA	NA	NA
Control_T_W	Control_T_W	Blank	Blank	NA	NA	NA	NA	NA	NA	NA	NA	NA	NA	NA	NA	NA	no	NA	NA	NA	NA	NA	NA
EB_0	EB_0	Blank	Blank	NA	NA	NA	NA	NA	NA	NA	NA	NA	NA	NA	NA	NA	no	NA	NA	NA	NA	NA	NA
EB_1	EB_1	Blank	Blank	NA	NA	NA	NA	NA	NA	NA	NA	NA	NA	NA	NA	NA	no	NA	NA	NA	NA	NA	NA
EB_10	EB_10	Blank	Blank	NA	NA	NA	NA	NA	NA	NA	NA	NA	NA	NA	NA	NA	no	NA	NA	NA	NA	NA	NA
EB_11	EB_11	Blank	Blank	NA	NA	NA	NA	NA	NA	NA	NA	NA	NA	NA	NA	NA	no	NA	NA	NA	NA	NA	NA
EB_12	EB_12	Blank	Blank	NA	NA	NA	NA	NA	NA	NA	NA	NA	NA	NA	NA	NA	no	NA	NA	NA	NA	NA	NA
EB_13	EB_13	Blank	Blank	NA	NA	NA	NA	NA	NA	NA	NA	NA	NA	NA	NA	NA	no	NA	NA	NA	NA	NA	NA
EB_14	EB_14	Blank	Blank	NA	NA	NA	NA	NA	NA	NA	NA	NA	NA	NA	NA	NA	no	NA	NA	NA	NA	NA	NA
EB_15	EB_15	Blank	Blank	NA	NA	NA	NA	NA	NA	NA	NA	NA	NA	NA	NA	NA	no	NA	NA	NA	NA	NA	NA
EB_16	EB_16	Blank	Blank	NA	NA	NA	NA	NA	NA	NA	NA	NA	NA	NA	NA	NA	no	NA	NA	NA	NA	NA	NA
EB_17	EB_17	Blank	Blank	NA	NA	NA	NA	NA	NA	NA	NA	NA	NA	NA	NA	NA	no	NA	NA	NA	NA	NA	NA
EB_18	EB_18	Blank	Blank	NA	NA	NA	NA	NA	NA	NA	NA	NA	NA	NA	NA	NA	no	NA	NA	NA	NA	NA	NA
EB_19	EB_19	Blank	Blank	NA	NA	NA	NA	NA	NA	NA	NA	NA	NA	NA	NA	NA	no	NA	NA	NA	NA	NA	NA
EB_2	EB_2	Blank	Blank	NA	NA	NA	NA	NA	NA	NA	NA	NA	NA	NA	NA	NA	no	NA	NA	NA	NA	NA	NA
EB_20	EB_20	Blank	Blank	NA	NA	NA	NA	NA	NA	NA	NA	NA	NA	NA	NA	NA	no	NA	NA	NA	NA	NA	NA
EB_21	EB_21	Blank	Blank	NA	NA	NA	NA	NA	NA	NA	NA	NA	NA	NA	NA	NA	no	NA	NA	NA	NA	NA	NA
EB_22	EB_22	Blank	Blank	NA	NA	NA	NA	NA	NA	NA	NA	NA	NA	NA	NA	NA	no	NA	NA	NA	NA	NA	NA
EB_23	EB_23	Blank	Blank	NA	NA	NA	NA	NA	NA	NA	NA	NA	NA	NA	NA	NA	no	NA	NA	NA	NA	NA	NA
EB_24	EB_24	Blank	Blank	NA	NA	NA	NA	NA	NA	NA	NA	NA	NA	NA	NA	NA	no	NA	NA	NA	NA	NA	NA
EB_25	EB_25	Blank	Blank	NA	NA	NA	NA	NA	NA	NA	NA	NA	NA	NA	NA	NA	no	NA	NA	NA	NA	NA	NA
EB_26	EB_26	Blank	Blank	NA	NA	NA	NA	NA	NA	NA	NA	NA	NA	NA	NA	NA	no	NA	NA	NA	NA	NA	NA
EB_27	EB_27	Blank	Blank	NA	NA	NA	NA	NA	NA	NA	NA	NA	NA	NA	NA	NA	no	NA	NA	NA	NA	NA	NA
EB_28	EB_28	Blank	Blank	NA	NA	NA	NA	NA	NA	NA	NA	NA	NA	NA	NA	NA	no	NA	NA	NA	NA	NA	NA
EB_3	EB_3	Blank	Blank	NA	NA	NA	NA	NA	NA	NA	NA	NA	NA	NA	NA	NA	no	NA	NA	NA	NA	NA	NA
EB_4	EB_4	Blank	Blank	NA	NA	NA	NA	NA	NA	NA	NA	NA	NA	NA	NA	NA	no	NA	NA	NA	NA	NA	NA
EB_5	EB_5	Blank	Blank	NA	NA	NA	NA	NA	NA	NA	NA	NA	NA	NA	NA	NA	no	NA	NA	NA	NA	NA	NA
EB_6	EB_6	Blank	Blank	NA	NA	NA	NA	NA	NA	NA	NA	NA	NA	NA	NA	NA	no	NA	NA	NA	NA	NA	NA
EB_7	EB_7	Blank	Blank	NA	NA	NA	NA	NA	NA	NA	NA	NA	NA	NA	NA	NA	no	NA	NA	NA	NA	NA	NA
EB_8	EB_8	Blank	Blank	NA	NA	NA	NA	NA	NA	NA	NA	NA	NA	NA	NA	NA	no	NA	NA	NA	NA	NA	NA
EB_9	EB_9	Blank	Blank	NA	NA	NA	NA	NA	NA	NA	NA	NA	NA	NA	NA	NA	no	NA	NA	NA	NA	NA	NA
NTC_1	NTC_1	Blank	Blank	NA	NA	NA	NA	NA	NA	NA	NA	NA	NA	NA	NA	NA	no	NA	NA	NA	NA	NA	NA
NTC_2	NTC_2	Blank	Blank	NA	NA	NA	NA	NA	NA	NA	NA	NA	NA	NA	NA	NA	no	NA	NA	NA	NA	NA	NA
NTC_3	NTC_3	Blank	Blank	NA	NA	NA	NA	NA	NA	NA	NA	NA	NA	NA	NA	NA	no	NA	NA	NA	NA	NA	NA
TUBE_B1	TUBE_B1	Blank	Blank	NA	NA	NA	NA	NA	NA	NA	NA	NA	NA	NA	NA	NA	no	NA	NA	NA	NA	NA	NA
TUBE_B2	TUBE_B2	Blank	Blank	NA	NA	NA	NA	NA	NA	NA	NA	NA	NA	NA	NA	NA	no	NA	NA	NA	NA	NA	NA
Water_1	Water_1	Blank	Blank	NA	NA	NA	NA	NA	NA	NA	NA	NA	NA	NA	NA	NA	no	NA	NA	NA	NA	NA	NA
Water_2	Water_2	Blank	Blank	NA	NA	NA	NA	NA	NA	NA	NA	NA	NA	NA	NA	NA	no	NA	NA	NA	NA	NA	NA
LGP_BA_LV8	LGP_BA_LV8	Cape Hallett	NVL	2	19	-72.371133	169.884367	174.144	0.9	8.882	707.6	18699.8	-20.25	610.3	378.72	1230	all	0.12	327.47	0.5	50	NA	2.578318241
LV_14	LV_14	Cape Hallett	NVL	2	19	-72.370052	169.89582	162.478	0.7	7.861	286.1	12904.28	-20.25	611.6	56.25	1220	all	0.122	5	0.5	50	NA	1.750122527
LV_18	LV_18	Cape Hallett	NVL	2	19	-72.370052	169.89582	162.478	0.7	7.978	351.8	17801.99	-20.25	611.6	196.25	5130	all	0.513	145	0.5	50	NA	2.292809665
LC1_5	LC1_5	Cape Hallett	NVL	2	19	NA	NA	0	NA	5.39	172.7	23053.68	-16.65	627.8	56.25	19370	no	1.94	5	0.5	50	NA	1.750122527
LC3_5	LC3_5	Cape Hallett	NVL	2	19	NA	NA	0	NA	5.966	218.8	29103	-16.65	627.8	166.01	NA	no	NA	85.69	0.5	50	NA	2.22013425
LC4_1	LC4_1	Cape Hallett	NVL	2	19	NA	NA	0	NA	6.133	100.7	21678	-16.65	627.8	56.25	NA	no	NA	5	0.5	50	NA	1.750122527
LGP_3_4	LGP_3_4	Cape Hallett	NVL	2	19	-72.321269	170.228218	0	0.1	5.889	96.7	20863.09	-16.65	627.8	258.23	5930	all	0.59	187.92	11.42	50	NA	2.412006695
LGP_BA_1-3	LGP_BA_1-3	Cape Hallett	NVL	2	19	NA	NA	0	NA	5.535	143.1	24397.18	-16.65	627.8	229.07	25980	no	2.6	177.82	0.5	50	NA	2.359968216
BS_620	BS_620	Alatna Valley	SVL	3	7	NA	NA	NA	NA	7.461	199	11997.3	NA	NA	140.95	340	no	0.03	84.95	0.5	50	NA	2.14906508
CS_CR_11	CS_CR_11	Cape Royds	SVL	4	8	NA	NA	NA	NA	9.425	728.4	28213	NA	NA	233.16	570	no	0.06	169.75	0.5	50	NA	2.367654047
WV_BA_1	WV_BA_1	Wall Valley	SVL	14	18	-77.49556	160.87517	1734.92	62.5	7.462	49.4	3986.14	-30.45	114.1	166.13	350	all	0.04	110.8	0.5	50	NA	2.220448065
WV_ZS2	WV_ZS2	Wall Valley	SVL	14	18	-77.498933	160.849133	1598.76	63.2	6.899	746.9	3341.94	-30.35	112.6	335.09	140	all	0.01	223.97	45.89	50	NA	2.525161467
VV_0	VV_0	Virginia Valley	SVL	13	17	-77.4934	160.85305	1542.29	62.6	8.792	38.9	642.55	-30.35	112.9	56.25	340	all	0.03	5	0.5	50	NA	1.750122527
VV_B	VV_B	Virginia Valley	SVL	13	17	-77.4934	160.85305	1542.29	62.6	8.038	199.3	986.8	-30.35	112.9	156.21	NA	no	NA	91.33	5.18	50	NA	2.193708832
vv_d	vv_d	Virginia Valley	SVL	13	17	-77.4934	160.85305	1542.29	62.6	8.67	52.5	729.13	-30.35	112.9	170.04	180	all	0.018	112.58	0.5	50	NA	2.230551096
VV_J	VV_J	Virginia Valley	SVL	13	17	-77.4934	160.85305	1542.29	62.6	8.328	46.8	1206.61	-30.35	112.9	176.82	310	all	0.03	123.61	0.5	50	NA	2.247531386
VV_L	VV_L	Virginia Valley	SVL	13	17	-77.4934	160.85305	1542.29	62.6	7.978	108.3	1051.01	-30.35	112.9	163.09	350	all	0.04	103.98	0.5	50	NA	2.212427333
WV_UNN_2	WV_UNN_2	Wall Valley	SVL	14	18	-77.48	160.85	1474.63	61.4	7.846	53	8542.7	-30.95	104.1	111.09	320	all	0.03	304.32	0.5	50	NA	2.045674967
WV_UNN1	WV_UNN1	Wall Valley	SVL	14	18	-77.48	160.85	1474.63	61.4	7.582	75.7	6056.83	-30.95	104.1	359.48	340	all	0.03	130.99	0.5	50	NA	2.555674733
WV_UNN3	WV_UNN3	Wall Valley	SVL	14	18	-77.48	160.85	1474.63	61.4	7.672	85.6	8477.29	-30.95	104.1	182.24	350	all	0.04	54.84	0.5	50	NA	2.260643707
BS_610	BS_610	Alatna Valley	SVL	3	7	-76.922133	161.077833	1295.94	24.5	7.978	41.4	7755.71	-30.65	102.3	245.29	490	all	0.05	184.36	0.5	50	NA	2.389679843
BS_607	BS_607	Alatna Valley	SVL	3	7	-76.922417	161.081533	1287.06	24.4	7.331	38.1	10209.31	-30.65	102.3	56.25	430	all	0.04	5	0.5	50	NA	1.750122527
BS_618	BS_618	Alatna Valley	SVL	3	7	-76.921567	161.080067	1282.17	24.5	7.857	37.2	6733.46	-30.65	102.3	159.65	460	all	0.05	101.71	0.5	50	NA	2.203168923
HC_ZS2	HC_ZS2	Virginia Valley	SVL	13	17	-77.509533	160.596333	1234.84	67.4	7.236	3512	9810.62	-30.05	102.5	3541.6	560	all	0.06	425.92	119.47	2943.12	NA	3.549199509
HC_Z5_1	HC_Z5_1	Virginia Valley	SVL	13	17	-77.509267	160.589717	1214.73	67.4	7.497	1694.7	7062.88	-30.05	101.5	1025.19	260	all	0.03	297.93	73.76	645.23	NA	3.010804361
HC_BA_1	HC_BA_1	Virginia Valley	SVL	13	17	-77.51125	160.58441	1194.48	67.7	7.593	1693	8963.92	-30.05	101.5	801.17	280	all	0.03	106.7	14.06	666.11	NA	2.903724679
HC_BA2	HC_BA2	Virginia Valley	SVL	13	17	-77.51149	160.58763	1190.93	67.7	8.513	32.8	5933.86	-30.05	101.5	126.31	360	all	0.04	75.06	0.5	50	NA	2.101437735
BPS_1	BPS_1	Upper Wright Valley	SVL	12	16	-77.47965	161.74065	869.143	43	8.323	205.1	10171.51	-24.45	89.7	107.38	230	all	0.02	56.13	0.5	50	NA	2.0309234
DS1_1_2	DS1_1_2	Upper Wright Valley	SVL	12	16	-77.551217	161.22075	854.18	54.1	8.046	5995.7	32424.7	-23.25	81.8	14412.24	650	all	0.07	1302.33	158.05	12936.86	NA	4.158731486
DS2_1_2	DS2_1_2	Upper Wright Valley	SVL	12	16	-77.55055	161.25785	798.559	53.2	8.091	6714.2	32339.68	-22.95	81.1	15432.7	980	all	0.1	1062.45	208.69	14150.4	NA	4.188441914
MS_11	MS_11	Mount Seuss	SVL	10	14	-77.03	161.71	776.336	10.3	7.683	36	2513.01	-24.75	82.8	94.18	280	all	0.03	42.93	0.5	50	NA	1.973958686
MS_12	MS_12	Mount Seuss	SVL	10	14	-77.03	161.71	776.336	10.3	6.366	17.6	2561.47	-24.75	82.8	144.7	560	all	0.06	93.45	0.5	50	NA	2.160468531
MS_17	MS_17	Mount Seuss	SVL	10	14	-77.03	161.71	776.336	10.3	7.327	33	1754.1	-24.75	82.8	124.27	NA	no	NA	73.02	0.5	50	NA	2.094366298
MS_5	MS_5	Mount Seuss	SVL	10	14	-77.03	161.71	776.336	10.3	7.77	30.8	2849	-24.75	82.8	116.65	540	all	0.05	65.4	0.5	50	NA	2.066884743
MS_7	MS_7	Mount Seuss	SVL	10	14	-77.03	161.71	776.336	10.3	8.161	46.8	2479.44	-24.75	82.8	153.82	410	all	0.04	102.57	0.5	50	NA	2.187012807
BPS_18	BPS_18	Upper Wright Valley	SVL	12	16	-77.475483	161.780483	659.804	42.2	7.567	5730.9	11230.08	-24.25	88.8	14499.27	400	all	0.04	1620.5	184.7	12690.24	NA	4.161346137
BPS_22	BPS_22	Upper Wright Valley	SVL	12	16	-77.475483	161.787483	649.61	42	7.751	5831.4	29769.08	-24.15	88.5	15271.83	550	all	0.06	1622.84	119.98	13522.01	NA	4.183891081
BPS_5	BPS_5	Upper Wright Valley	SVL	12	16	-77.47415	161.797817	644.492	41.8	7.966	3179	11202.52	-24.35	89.1	1409.37	450	all	0.05	1281.61	68.38	50	NA	3.149025023
BPS_25	BPS_25	Upper Wright Valley	SVL	12	16	-77.474317	161.79715	643.602	41.8	8.044	1620.8	36189.74	-24.35	89.1	2388.05	370	all	0.04	412.05	12.75	1957.85	NA	3.378043416
MFP_AAA	MFP_AAA	Taylor Valley	SVL	11	15	-77.574361	163.163639	636.853	8	8.319	86.9	7354.6	-22.35	99.7	56.25	2580	all	0.26	5	0.5	50	NA	1.750122527
MFP_d	MFP_d	Taylor Valley	SVL	11	15	-77.571733	163.161	600.839	8.1	8.503	161.7	8605.19	-22.35	99.7	110.92	830	all	0.08	51.41	8.76	50	NA	2.045009861
MFP_C	MFP_C	Taylor Valley	SVL	11	15	-77.571722	163.160989	600.758	8.1	8.116	681.3	11586.2	-22.35	99.7	149.22	1150	all	0.12	92.96	0.5	50	NA	2.173827036
MFP_A1	MFP_A1	Taylor Valley	SVL	11	15	-77.5717	163.161	600.631	8.1	8.413	206.9	9604.38	-22.35	99.7	109.86	1010	all	0.1	58.61	0.5	50	NA	2.040839595
MFP_A2	MFP_A2	Taylor Valley	SVL	11	15	-77.5717	163.161	600.631	8.1	8.447	145.8	10137.68	-22.35	99.7	109.23	780	all	0.08	57.98	0.5	50	NA	2.038341934
DA_1	DA_1	Darwin Glacier	SVL	5	9	-79.87	159.36	465.032	3.4	8.629	117.3	13508.34	-23.55	249.7	1452.11	1010	all	0.1	390.35	101.38	947.07	NA	3.161999516
DA_3	DA_3	Darwin Glacier	SVL	5	9	-79.87	159.36	465.032	3.4	8.868	161.5	11769.58	-23.55	249.7	743.24	120	all	0.012	375.47	304.32	50	NA	2.871129075
DA_4	DA_4	Darwin Glacier	SVL	5	9	-79.87	159.36	465.032	3.4	8.703	103.1	18419.68	-23.55	249.7	3266.43	500	all	0.05	1154.21	1149.26	947.26	NA	3.514073356
DA_5	DA_5	Darwin Glacier	SVL	5	9	-79.87	159.36	465.032	3.4	8.696	103.3	19064.38	-23.55	249.7	4273.98	760	all	0.08	2129.9	2084.19	50	NA	3.630832486
DA_6	DA_6	Darwin Glacier	SVL	5	9	-79.87	159.36	465.032	3.4	8.482	121.1	14012.95	-23.55	249.7	2499.91	270	all	0.03	713.57	689.05	1093.89	NA	3.397924374
GE_C2_3	GE_C2_3	Garwood Valley	SVL	6	10	-78.0178	163.87904	387.395	10.2	9.797	298.7	53694.78	-21.75	137.1	56.25	7860	all	0.79	5	0.5	50	NA	1.750122527
GE_C3_2	GE_C3_2	Garwood Valley	SVL	6	10	-78.0178	163.87984	385.749	10.2	9.756	230.6	57534	-21.75	137.1	56.25	7020	all	0.7	5	0.5	50	NA	1.750122527
GE_B1_3	GE_B1_3	Garwood Valley	SVL	6	10	-78.01838	163.88684	369.033	10	9.644	280.1	70137.46	-21.75	137	94.13	8050	all	0.81	42.88	0.5	50	NA	1.973728059
GE_A2_2	GE_A2_2	Garwood Valley	SVL	6	10	-78.02102	163.89957	355.791	9.7	9.926	229.2	53140.56	-21.85	137	56.25	6120	all	0.61	5	0.5	50	NA	1.750122527
GE_A1_3	GE_A1_3	Garwood Valley	SVL	6	10	-78.02102	163.89929	355.637	9.7	10.074	280.7	57804.83	-21.85	137	56.25	8160	all	0.82	5	0.5	50	NA	1.750122527
HVY_4A	HVY_4A	Hidden Valley	SVL	7	11	NA	NA	289.3	NA	9.912	285.9	47318.09	-21.15	208.2	62.35	1200	no	0.12	5	0.5	50	NA	1.794836458
HVY_5A	HVY_5A	Hidden Valley	SVL	7	11	NA	NA	289.3	NA	9.957	610.8	78954.82	-21.15	208.2	203.48	1440	no	0.14	147.7	0.5	50	NA	2.308521729
ME_C2_3	ME_C2_3	Miers Valley	SVL	9	13	-78.08899	163.77509	278.669	10.2	9.534	383.7	62344.93	-21.75	163.7	102	3700	all	0.37	50.75	0.5	50	NA	2.008600172
ME_C3_1	ME_C3_1	Miers Valley	SVL	9	13	-78.08899	163.77509	278.669	10.2	9.617	277.9	49393.78	-21.75	163.7	60.65	3730	all	0.37	5	0.5	50	NA	1.782830805
ON_10	ON_10	Lower Wright Valley	SVL	8	12	-77.46795	162.42593	244.839	27.8	9	181.4	8804.43	-25.75	93.3	177.96	290	all	0.03	126.71	0.5	50	NA	2.250322397
HVY_9062A	HVY_9062A	Hidden Valley	SVL	7	11	-78.14311	163.89069	218.732	4	10.135	403.4	49429.13	-20.95	215.8	67.32	1470	all	0.15	5	0.5	50	NA	1.828144107
ME_B1_2	ME_B1_2	Miers Valley	SVL	9	13	-78.092	163.77771	212.832	9.9	9.231	179.6	52342	-21.45	167.7	56.25	4090	all	0.41	5	0.5	50	NA	1.750122527
OR_9	OR_9	Lower Wright Valley	SVL	8	12	-77.4921	162.31103	198.83	29.5	8.919	85.7	10323.33	-24.15	89.1	111.83	460	all	0.05	60.58	0.5	50	NA	2.048558325
ME_A1_1	ME_A1_1	Miers Valley	SVL	9	13	-78.09403	163.78671	173.209	9.6	8.786	976.1	27140.12	-21.35	166.7	349.79	1700	all	0.17	294.77	0.5	50	NA	2.543807389
ME_A2_3	ME_A2_3	Miers Valley	SVL	9	13	-78.09403	163.78671	173.209	9.6	9.854	300.6	42962	-21.35	166.7	72.75	4700	all	0.47	5	0.5	50	NA	1.861832998
OR_8	OR_8	Lower Wright Valley	SVL	8	12	-77.51402	162.13828	170.582	32.9	8.76	568.8	7907.76	-22.95	77.4	335.26	430	all	0.04	279.78	4.73	50	NA	2.525381741
HVY_9054A	HVY_9054A	Hidden Valley	SVL	7	11	-78.15421751	163.950428	145.733	2.1	9.718	225	76765.12	-20.35	225.4	60.31	1970	all	0.2	5	0.5	50	NA	1.780389328
OR_4	OR_4	Lower Wright Valley	SVL	8	12	-77.5246	161.8972	144.931	38.4	8.104	5467.4	16956.61	-22.85	72.9	8180.34	320	all	0.03	1940.75	105.81	6129.33	NA	3.912771355
OR_1	OR_1	Lower Wright Valley	SVL	8	12	-77.52593	161.70227	102.22	43	9.132	145.3	12229.08	-23.55	78.5	221.93	NA	no	NA	170.68	0.5	50	NA	2.346216013
CR_0819	CR_0819	Cape Royds	SVL	4	8	NA	NA	30.025	NA	6.185	1992.9	31675	-15.45	211.9	805.96	14690	no	1.47	175.52	264.27	50	NA	2.906313488
CR_0821	CR_0821	Cape Royds	SVL	4	8	NA	NA	30.025	NA	6.86	3383.5	27209.58	-15.45	211.9	1327.49	13560	no	1.36	185.02	409.74	50	NA	3.123031258
CR_0826	CR_0826	Cape Royds	SVL	4	8	NA	NA	30.025	NA	7.597	3573.3	32516.13	-15.45	211.9	2741.37	6920	no	0.69	1035.61	229.3	536.92	NA	3.437967656
CR_0828	CR_0828	Cape Royds	SVL	4	8	NA	NA	30.025	NA	7.16	4156.1	29903.42	-15.45	211.9	3593.09	8830	no	0.88	942.72	364.03	1625.38	NA	3.555468096
CR_0833	CR_0833	Cape Royds	SVL	4	8	NA	NA	30.025	NA	6.752	2574.7	23742.96	-15.45	211.9	1084.9	3750	no	0.38	864.81	40.95	50	NA	3.035389709
CS_CR_2	CS_CR_2	Cape Royds	SVL	4	8	-77.55312	166.16118	12.4279	0.1	5.006	9225.5	29805.62	-15.45	211.9	3551.92	3110	all	0.31	2358.34	147.79	910.4	NA	3.550463176
CS_CR5	CS_CR5	Cape Royds	SVL	4	8	-77.55379	166.16237	5.87528	0.1	5.463	5358.7	42204.41	-15.45	211.9	3927.93	8920	all	0.89	2540.17	199.99	717.65	NA	3.59416374
HVY_9130A	HVY_9130A	Hidden Valley	SVL	7	11	-78.16503243	163.9685377	5.73187	1.1	9.633	10418	65083.17	-19.85	225.5	5450.29	1610	all	0.16	2500.67	12.33	2921.31	NA	3.736419611
CS_CR9	CS_CR9	Cape Royds	SVL	4	8	-77.5538	166.16188	4.36534	0.1	4.94	3433.2	39468.07	-15.45	211.9	1220.78	4640	all	0.46	1118.47	33.06	50	NA	3.086637406
CS_CR7	CS_CR7	Cape Royds	SVL	4	8	-77.55383	166.16182	4.09965	0.1	7.382	10769.5	28224.89	-15.45	211.9	5366.91	5090	all	0.51	2730.53	19.97	1711	NA	3.729724312
HD_9	HD_9	Scott Glacier	TAM	18	5	NA	NA	NA	NA	6.942	8611.2	25417.68	NA	NA	129.61	1570	no	0.16	71.86	7	50	NA	2.112638511
MW4_1	MW4_1	Shackleton Glacier	TAM	19	6	NA	NA	NA	NA	7.568	36.8	8774.8	NA	NA	99.43	1250	no	0.13	48.18	0.5	50	NA	1.997517439
MW4-2	MW4-2	Shackleton Glacier	TAM	19	6	NA	NA	NA	NA	7.5	40.3	8296.5	NA	NA	112.67	890	no	0.09	61.42	0.5	50	NA	2.051808294
MWX_1	MWX_1	Shackleton Glacier	TAM	19	6	NA	NA	NA	NA	6.693	67.6	8791.45	NA	NA	56.25	1330	no	0.13	5	0.5	50	NA	1.750122527
HH_1	HH_1	Scott Glacier	TAM	18	5	-87.3447	-149.2517	2674.19	211.2	7.884	67.1	24695	-37.55	193.1	2533.92	80	all	0.01	164.86	330.02	2038.29	High	3.403792899
HH_3	HH_3	Scott Glacier	TAM	18	5	-87.3447	-149.2521	2674.19	211.2	8.316	66.9	11480.5	-37.55	193.1	958.35	600	all	0.06	96.15	264.32	597.13	High	2.981524147
HH_2	HH_2	Scott Glacier	TAM	18	5	-87.3447	-149.2531	2673.69	211.2	8.471	52.1	10805.87	-37.55	193.1	1585.83	720	all	0.07	145.01	298.13	1138.85	High	3.200256629
HM_6	HM_6	Mason Glacier	TAM	17	4	-84.55917	175.0089	2638.54	55.3	6.521	44.6	10856.42	-32.35	313.8	56.25	6580	all	0.66	5	0.5	50	High	1.750122527
HM_5	HM_5	Mason Glacier	TAM	17	4	-84.55905	175.0089	2638.13	55.3	6.884	48.2	14442.26	-32.35	313.8	56.25	1920	all	0.19	5	0.5	50	High	1.750122527
HM_2	HM_2	Mason Glacier	TAM	17	4	-84.559	175.0087	2637.65	55.3	6.415	24.6	7095.32	-32.35	313.8	56.25	1220	all	0.12	5	0.5	50	High	1.750122527
HM_3	HM_3	Mason Glacier	TAM	17	4	-84.559	175.0086	2637.51	55.3	5.951	53.8	7885.7	-32.35	313.8	56.25	1000	all	0.1	5	0.5	50	High	1.750122527
MD_BJA1	MD_BJA1	Beardmore Glacier	TAM	15	2	-85.249917	167.31457	2316.19	157.3	8.183	618.9	34727.4	-35.05	37.9	14956.49	90	all	0.009	566.5	1056.26	13319.79	High	4.174829685
CB_CMBjA1	CB_CMBjA1	Beardmore Glacier	TAM	15	2	-84.272414	169.320419	2290.33	63.1	6.175	48.1	12742.95	-30.35	182.6	129.57	690	all	0.07	62.8	11.46	50	High	2.112504459
MD_JA4	MD_JA4	Beardmore Glacier	TAM	15	2	-85.24975	167.2937	2280.43	157.4	7.931	5274.8	51261.43	-35.05	38	#VALUE!	300	all	0.03	723.74	#VALUE!	18770.15	High	NA
MD_UN6	MD_UN6	Beardmore Glacier	TAM	15	2	-85.247633	167.30375	2276.1	157.2	8.539	296.1	37651.4	-35.05	38	8960.4	210	all	0.02	473.34	626.34	7830.3	High	3.952327397
MD_UN11	MD_UN11	Beardmore Glacier	TAM	15	2	-85.25247	167.28073	2253.79	157.7	7.86	2564.6	39852.58	-35.25	38.6	13469.71	290	all	0.03	988.45	561.63	11896.79	High	4.129358246
SH1_1	SH1_1	Shackleton Glacier	TAM	19	6	-85.35655	-175.1108	2128.91	89	4.658	20285	25667	-34.85	147	19405.48	1070	all	0.11	5	483.4	18890.5	High	4.28792439
SH3_2	SH3_2	Shackleton Glacier	TAM	19	6	-85.3597	-175.0693	2125.29	89	4.279	23742.7	23380.52	-35.55	147.4	19821.9	1740	all	0.17	5	1532.63	18257.99	High	4.297145281
SH2_1	SH2_1	Shackleton Glacier	TAM	19	6	-85.35905	-175.0787333	2116.48	89	4.479	7882.5	14241.04	-35.45	147.4	9655.41	6350	all	0.64	5	245.92	9392.25	High	3.98477072
SH3_8	SH3_8	Shackleton Glacier	TAM	19	6	-85.35691667	-175.1621	2046.25	89	6.507	13652	15427.43	-34.85	148.6	9424.59	1600	all	0.16	40	1021.88	8361.96	High	3.974262466
SH1_6	SH1_6	Shackleton Glacier	TAM	19	6	-85.35123333	-175.1727333	2041.92	88.4	5.369	4581.7	11563.74	-34.85	149	3961.72	5640	all	0.56	79.14	512.02	3369.81	High	3.597883778
CM_4	CM_4	Beardmore Glacier	TAM	15	2	-85.171731	167.079235	1927.78	154.8	7.459	198.6	15545.09	-34.35	35.4	868.46	960	all	0.1	223.8	163.93	469.66	High	2.93874982
CM_PA_30	CM_PA_30	Beardmore Glacier	TAM	15	2	-85.171731	167.079235	1927.78	154.8	7.954	242.4	20167.33	-34.35	35.4	156.86	2160	all	0.22	96.45	0.5	50	High	2.195512211
CM_PA_3_10	CM_PA_3_10	Beardmore Glacier	TAM	15	2	-85.17185	167.079833	1927.44	154.8	8.143	139.6	22503.02	-34.35	35.4	2396.83	2060	all	0.21	259.32	314.35	1799.45	High	3.379637232
CM21	CM21	Beardmore Glacier	TAM	15	2	-85.162	167.083333	1905.08	153.9	7.527	183.8	23351.59	-34.05	35.3	2185.43	2290	all	0.23	431.65	387.79	1341.49	High	3.3395369
CM2_0M	CM2_0M	Beardmore Glacier	TAM	15	2	-85.161882	167.083086	1904.93	153.9	7.418	153	18759.91	-34.05	35.3	594.74	1680	all	0.17	391.2	89.71	50	High	2.774327149
RM1_1	RM1_1	Shackleton Glacier	TAM	19	6	-85.4909	-177.1771667	1791.83	104.2	6.172	9627	20271.9	-32.05	99.1	9259.24	170	all	0.02	41.91	0.5	9197.64	High	3.966575341
KR_2	KR_2	Shackleton Glacier	TAM	19	6	-85.1963	-177.1043	1781.14	72.4	7.277	15610	22255.51	-31.25	136.7	19417.04	130	all	0.01	2607.37	927.2	15850.83	High	4.288183025
RM3_1	RM3_1	Shackleton Glacier	TAM	19	6	-85.4869	-177.20715	1771.94	103.8	8.163	4485.3	14932.87	-32.05	101.3	4046.1	200	all	0.02	69.82	26.94	3936.84	High	3.607036612
CB_iH5	CB_iH5	Beardmore Glacier	TAM	15	2	-84.26257	169.274083	1761.59	62.8	6.093	12.6	16398.1	-28.65	171.3	95.12	280	all	0.03	40.21	4.16	50	High	1.978271842
KR_1	KR_1	Shackleton Glacier	TAM	19	6	-85.19783333	-177.1021167	1761.12	72.6	8.078	1092.1	16376	-31.25	136.7	762.83	450	all	0.05	147.99	58.74	555.35	High	2.882427764
RM2_1	RM2_1	Shackleton Glacier	TAM	19	6	-85.48788333	-177.1844	1759.84	103.9	8.389	4176.3	30039.92	-32.05	99.8	69.74	180	all	0.02	5	0.5	50	High	1.843481943
RM1_8	RM1_8	Shackleton Glacier	TAM	19	6	-85.48678333	-177.0993667	1722.83	103.7	7.538	674.5	11285.43	-31.95	94.1	551.46	110	all	0.01	120.66	348.73	50	High	2.741514016
KR_4	KR_4	Shackleton Glacier	TAM	19	6	-85.197	-177.06905	1678.56	72.4	7.91	259.3	12640.1	-31.45	137.8	987.54	550	all	0.06	900.29	10.44	50	High	2.994554696
RM3_8	RM3_8	Shackleton Glacier	TAM	19	6	-85.48116667	-177.1326333	1676.42	103.1	7.875	3827.4	19715.7	-32.25	95.9	6082.02	320	all	0.03	107.69	21.06	5942.8	High	3.784047844
AV1_1	AV1_1	Shackleton Glacier	TAM	19	6	-85.17621667	-174.0884833	1471.07	71.2	6.628	16361.2	16756.12	-29.75	241.6	4645.34	120	all	0.01	609.95	2205.86	1826.62	High	3.667017506
AV3_1	AV3_1	Shackleton Glacier	TAM	19	6	-85.17068333	-174.1483	1429.82	70.4	7.186	4766.4	17466.07	-29.25	234.4	2107.65	320	all	0.03	441.2	418.47	1237.91	High	3.323798493
AV1_8	AV1_8	Shackleton Glacier	TAM	19	6	-85.17595	-174.1165333	1417.26	71.1	7.026	6726	21141.71	-29.95	243	3574.64	230	all	0.02	394.51	480.8	2698.58	High	3.553232311
BP3_1	BP3_1	Shackleton Glacier	TAM	19	6	-85.21436667	-177.4047667	1406.08	74.9	7.415	11460.2	23647.3	-31.15	123.6	16381.43	240	all	0.02	1149.52	647.35	14548.75	High	4.21435181
AV2_1	AV2_1	Shackleton Glacier	TAM	19	6	-85.1706	-174.1338	1404.25	70.5	7.791	4724.3	21420.48	-29.25	234.2	9126.5	340	all	0.03	159.78	203.71	8756.53	High	3.960304258
BP2_1	BP2_1	Shackleton Glacier	TAM	19	6	-85.21213333	-177.3576	1393.23	74.5	7.13	3270.1	10794.91	-31.05	123.9	2859.18	360	all	0.04	366.36	105.39	2359.71	High	3.456241497
BP1_1	BP1_1	Shackleton Glacier	TAM	19	6	-85.21261667	-177.3386167	1383.96	74.6	7.845	11330.6	16133.1	-31.15	124.1	6654.83	280	all	0.03	942.7	747.59	4963.79	High	3.823136966
AV3_7	AV3_7	Shackleton Glacier	TAM	19	6	-85.16708333	-174.1508333	1367.45	70.1	6.776	860.2	14740.22	-29.35	234.8	157.71	600	all	0.06	101.96	0.5	50	High	2.197859232
TGV3_1	TGV3_1	Shackleton Glacier	TAM	19	6	-84.90956667	-177.0217333	1237.88	41.8	7.887	6886.8	27142.98	-26.45	210.6	7944.19	250	all	0.03	5	10.65	7911.63	High	3.900049623
BP3_8	BP3-8	Shackleton Glacier	TAM	19	6	-85.2049	-177.4135667	1224.04	73.9	9.021	168.3	16471.11	-30.75	123.8	244.04	4370	all	0.44	180.58	0.5	50	High	2.387461016
BP1_8	BP1_8	Shackleton Glacier	TAM	19	6	-85.20063333	-177.3757667	1223.91	73.4	9.258	540.4	16087	-30.65	124.4	288.31	1470	all	0.15	190.87	4.76	50	High	2.459859706
TGV1_1	TGV1_1	Shackleton Glacier	TAM	19	6	-84.92033333	-176.9902	1216.34	42.9	7.444	12663.7	24626.5	-25.95	202.8	20443.26	460	all	0.05	2725.08	730.95	16941.69	High	4.310550152
HV3_1	HV3_1	Shackleton Glacier	TAM	19	6	-85.03316667	-177.3292167	1196.33	55.6	7.736	7246.4	41194.83	-28.05	158.7	15736.98	500	all	0.05	1067.45	327.1	14305.83	High	4.196921393
TN1_1	TN1_1	Shackleton Glacier	TAM	19	6	-84.92571667	-176.0692333	1124.5	42	6.912	24488.1	37979.12	-25.45	242.1	23981.98	200	all	0.02	6066.2	1710.16	16198.1	High	4.379885036
TGV2_1	TGV2_1	Shackleton Glacier	TAM	19	6	-84.91903333	-177.06025	1100.56	42.9	7.335	777.8	10976.4	-26.35	206.3	227.25	2730	all	0.27	156.21	16.88	50	High	2.356503892
TN3_1	TN3_1	Shackleton Glacier	TAM	19	6	-84.92271667	-176.1242333	1086.76	41.7	7.411	1396.8	28362.6	-24.95	236.3	1294.96	3700	all	0.37	115.33	36.92	1107.55	High	3.112256354
HV3_9	HV3_9	Shackleton Glacier	TAM	19	6	-85.02945	-177.1922833	1037.93	54.8	8.359	220.2	13202.9	-27.55	161.5	122.89	890	all	0.09	62.85	9.29	50	High	2.089516544
HV1_8	HV1_8	Shackleton Glacier	TAM	19	6	-85.03005	-177.1751333	1025.21	54.9	8.301	845.9	13928.15	-27.55	162.1	419.55	640	all	0.06	345.66	23.14	50	High	2.622783725
TN2_1	TN2_1	Shackleton Glacier	TAM	19	6	-84.92381667	-176.0987667	1018.79	41.8	7.526	1333	20952.8	-25.15	240.6	393.75	620	all	0.06	320.77	17.92	50	High	2.595220567
HV2_5	HV2_5	Shackleton Glacier	TAM	19	6	-85.0467	-177.4161667	958.937	57.2	7.235	1256.5	14333.66	-28.45	158.6	1177.13	820	all	0.08	211.67	17.49	903.1	NA	3.070824428
TN3_5	TN3_5	Shackleton Glacier	TAM	19	6	-84.9182	-176.1281667	929.244	41.2	7.685	838.1	34532.13	-24.95	234.4	204.29	6080	all	0.61	133.01	9.58	50	NA	2.310247108
TGV1_8	TGV1_8	Shackleton Glacier	TAM	19	6	-84.91536667	-176.8791333	906.733	42.1	7.643	110.9	9492.96	-25.55	202.3	135.22	1110	all	0.11	83.97	0.5	50	NA	2.131040932
TGV3_9	TGV3_9	Shackleton Glacier	TAM	19	6	-84.91368333	-176.8831667	906.201	41.9	7.966	593.5	9661.67	-25.55	202.3	65.02	1630	all	0.16	5	9.27	50	NA	1.813046965
TN1_8	TN1_8	Shackleton Glacier	TAM	19	6	-84.91481667	-176.1509167	873.758	40.9	7.6	1571.3	23425	-24.55	229.2	673.61	1500	all	0.15	225.1	0.5	439.21	NA	2.828408526
HS_7	HS_7	Beardmore Glacier	TAM	15	2	-83.805733	172.26245	782.985	9.8	7.894	20.5	40631.04	-19.55	277	56.25	500	all	0.05	5	0.5	50	NA	1.750122527
NP2_1	NP2_1	Shackleton Glacier	TAM	19	6	-84.53481667	-175.4262	671.517	2.4	8.156	75.7	6514.12	-20.65	242	114.7	400	all	0.04	63.45	0.5	50	NA	2.059563418
NP3_1	NP3_1	Shackleton Glacier	TAM	19	6	-84.5346	-175.4231667	668.456	2.4	6.951	72.1	5106.89	-20.65	242.4	96.53	600	all	0.06	45.28	0.5	50	NA	1.984662306
NP1_1	NP1_1	Shackleton Glacier	TAM	19	6	-84.53455	-175.4222333	667.747	2.4	7.8	90.6	8197.61	-20.65	242.4	134.07	700	all	0.07	76.87	0.5	50	NA	2.127331609
NP3_4	NP3_4	Shackleton Glacier	TAM	19	6	-84.53441667	-175.4166	661.39	2.4	7.715	170.6	4485.75	-20.65	243	56.25	2110	all	0.21	5	0.5	50	NA	1.750122527
MF1_1	MF1_1	Shackleton Glacier	TAM	19	6	-84.62511667	-176.7705333	641.396	13	7.819	59.6	7734.92	-23.25	243.6	508.65	1140	all	0.11	90.44	5.16	412.3	NA	2.706419049
MK_KYBjA6	MK_KYBjA6	Beardmore Glacier	TAM	15	2	-83.759966	172.768667	613.212	6.9	6.835	19415.9	43266.57	-20.65	333.6	56.25	3840	all	0.38	5	0.5	50	NA	1.750122527
HS_3	HS_3	Beardmore Glacier	TAM	15	2	-83.800867	172.221833	602.555	9.1	8.25	12.3	44135.8	-19.35	272.8	56.25	1560	all	0.16	5	0.5	50	NA	1.750122527
HS_2	HS_2	Beardmore Glacier	TAM	15	2	-83.800917	172.219133	597.169	9.1	8.388	20.1	35849.8	-19.35	272.8	62.87	740	all	0.07	5	0.5	50	NA	1.79844346
HS_1	HS_1	Beardmore Glacier	TAM	15	2	-83.8008	172.217233	593.597	9.1	8.089	80.6	35052.97	-19.35	272.8	94.34	870	all	0.09	43.09	0.5	50	NA	1.974695872
HS_4	HS_4	Beardmore Glacier	TAM	15	2	-83.8003	172.2103	574.614	9	8.184	10.7	33238.58	-19.35	272.5	56.25	2090	all	0.21	5	0.5	50	NA	1.750122527
MF3_1	MF3_1	Shackleton Glacier	TAM	19	6	-84.62266667	-176.75065	546.817	12.6	7.827	31.1	9737.23	-23.05	243.1	108.02	760	all	0.08	56.77	0.5	50	NA	2.033504173
MK_A6	MK_A6	Beardmore Glacier	TAM	15	2	-83.7607	172.751317	500.008	7.1	7.974	5421.7	43299.91	-20.55	334.3	56.25	2820	all	0.28	5	0.5	50	NA	1.750122527
MK_UN8	MK_UN8	Beardmore Glacier	TAM	15	2	-83.7607	172.751317	500.008	7.1	7.031	19185.9	51776.58	-20.55	334.3	56.25	4480	all	0.45	5	0.5	50	NA	1.750122527
HK_4	HK_4	Beardmore Glacier	TAM	15	2	-83.760717	172.749983	496.807	7.1	7.908	88.8	4656.66	-20.55	334.3	56.25	400	all	0.04	5	0.5	50	NA	1.750122527
HK_5	HK_5	Beardmore Glacier	TAM	15	2	-83.760733	172.750683	495.412	7.1	7.686	142.8	10283.27	-20.55	334.3	59.44	370	all	0.04	5	0.5	50	NA	1.774078801
MF1_6	MF1_6	Shackleton Glacier	TAM	19	6	-84.62653333	-176.7433667	485.421	12.9	7.852	60.8	7294.92	-22.95	241.8	103.25	480	all	0.05	52	0.5	50	NA	2.01389006
HK_3	HK_3	Beardmore Glacier	TAM	15	2	-83.760817	172.74665	481.896	7.2	7.627	125.1	8549.3	-20.55	334.4	56.25	400	all	0.04	5	0.5	50	NA	1.750122527
HK_1	HK_1	Beardmore Glacier	TAM	15	2	-83.760833	172.746167	480.062	7.2	7.66	13825.6	5666.86	-20.55	334.4	114.47	510	all	0.05	54.39	0.5	50	NA	2.058691683
HK_2	HK_2	Beardmore Glacier	TAM	15	2	-83.760833	172.7461	479.971	7.2	6.726	13255.9	8597.58	-20.55	334.4	88.1	2890	all	0.29	5	0.5	50	NA	1.944975908
MF2_1	MF2_1	Shackleton Glacier	TAM	19	6	-84.6236	-176.7353	469.27	12.6	7.743	37.7	8557.51	-22.85	242.6	108.49	390	all	0.04	57.24	0.5	50	NA	2.035389709
HD_6	HD_6	Scott Glacier	TAM	18	5	-85.54578	-151.14393	467.411	17.9	6.794	16559.6	5630	-20.95	383.8	56.25	610	all	0.06	5	0.5	50	NA	1.750122527
CK2_10	CK2_10	Beardmore Glacier	TAM	15	2	-83.821533	171.968083	406.301	11.1	6.291	15.2	35898.59	-19.35	285.9	155.67	NA	no	NA	93.32	11.6	50	NA	2.192204925
CK_20B	CK_20B	Beardmore Glacier	TAM	15	2	-83.811847	171.946772	404.995	10.1	5.776	15.3	51480.7	-19.05	271.9	185.96	5600	all	0.56	132.89	0.5	50	NA	2.269419538
CK2_100A	CK2_100A	Beardmore Glacier	TAM	15	2	-83.820775	171.964582	404.631	11.1	8.478	272.2	88047.49	-19.35	286.3	169.78	15110	all	1.51	113.28	0.5	50	NA	2.229886529
CK1_100B	CK1_100B	Beardmore Glacier	TAM	15	2	-83.82078	171.964511	404.604	11.1	6.293	36	24027.49	-19.35	286.3	97.78	440	all	0.04	46.53	0.5	50	NA	1.990250033
CK2_100B	CK2_100B	Beardmore Glacier	TAM	15	2	-83.81118	171.952737	400.422	10	7.485	369.2	32135.87	-19.05	271.9	56.25	2790	all	0.28	5	0.5	50	NA	1.750122527
HR_4	HR_4	Beardmore Glacier	TAM	15	2	-83.77465	170.7777	386.452	15.7	7.484	38.3	6886.02	-18.55	261.8	56.25	500	all	0.05	5	0.5	50	NA	1.750122527
HR_5	HR_5	Beardmore Glacier	TAM	15	2	-83.774367	170.777417	386.135	15.6	7.942	56.6	6388.37	-18.55	261.8	101.65	670	all	0.07	45.29	0.5	50	NA	2.007107383
HR_2	HR_2	Beardmore Glacier	TAM	15	2	-83.774883	170.78935	385.8	15.5	6.223	39.7	2645.89	-18.55	262.1	151.77	430	all	0.04	66.44	4.99	50	NA	2.181185934
HR_3	HR_3	Beardmore Glacier	TAM	15	2	-83.774067	170.779983	385.376	15.6	7.752	70.8	3622.9	-18.55	261.8	56.25	2680	all	0.27	5	0.5	50	NA	1.750122527
HR_1	HR_1	Beardmore Glacier	TAM	15	2	-83.774467	170.789883	385.151	15.5	8.575	139.8	9307.08	-18.55	262.1	56.25	1080	all	0.11	5	0.5	50	NA	1.750122527
MFX_2	MFX_2	Shackleton Glacier	TAM	19	6	-84.62411667	-176.7085	333.44	12.4	7.975	77.5	12193.52	-22.55	242	62.38	1610	all	0.16	5	0.5	50	NA	1.79504537
MSP1_1	MSP1_1	Shackleton Glacier	TAM	19	6	-84.48301667	-176.51275	312.107	2.6	9.759	76.7	5064.44	-21.95	290.3	105.32	370	all	0.04	54.07	0.5	50	NA	2.02251085
MW2_1	MW2_1	Shackleton Glacier	TAM	19	6	-84.55958333	-176.8112167	308.742	9.4	6.824	70.8	11161.93	-21.45	231.2	56.25	940	all	0.09	5	0.5	50	NA	1.750122527
HD_11	HD_11	Scott Glacier	TAM	18	5	-85.53595	-151.18383	300.941	16.8	6.847	3184.8	7949.8	-20.85	377.1	56.25	NA	no	NA	5	0.5	50	NA	1.750122527
HD_10	HD_10	Scott Glacier	TAM	18	5	-85.53565	-151.18523	294.606	16.8	6.912	2213	9415.24	-20.85	377.1	125.69	410	all	0.04	74.44	0.5	50	NA	2.099300726
HD_14	HD_14	Scott Glacier	TAM	18	5	-85.53555	-151.18968	289.579	16.7	6.476	11659.3	12870.91	-20.85	377.1	96.21	170	all	0.02	44.96	0.5	50	NA	1.983220215
MSP2_1	MSP2_1	Shackleton Glacier	TAM	19	6	-84.48188333	-176.5069667	279.059	2.4	8.753	23	5031.27	-21.85	289.1	56.25	390	all	0.04	5	0.5	50	NA	1.750122527
HG_9	HG_9	Garden Spur	TAM	16	3	-84.5379	-174.9299	197.013	5.9	4.787	4703.2	5568.51	-20.75	260.1	99.07	930	all	0.09	47.82	0.5	50	NA	1.995942163
MSP3_1	MSP3_1	Shackleton Glacier	TAM	19	6	-84.48191667	-176.4879	195.874	2.3	7.536	365.7	3090.92	-21.75	286	56.25	2210	all	0.22	5	0.5	50	NA	1.750122527
MSP3_4	MSP3_4	Shackleton Glacier	TAM	19	6	-84.48018333	-176.4880833	179.594	2.2	6.659	113.3	4156.58	-21.75	286	104.35	2420	all	0.24	41.6	12	50	NA	2.018492453
MSP1_4	MSP1_4	Shackleton Glacier	TAM	19	6	-84.48296667	-176.4805333	174.56	2.3	9.127	17.7	5005.39	-21.65	284.6	56.25	500	all	0.05	5	0.5	50	NA	1.750122527
HG_3	HG_3	Garden Spur	TAM	16	3	-84.5361	-174.9459	161.613	5.6	7.514	31.8	8112.77	-20.75	258.1	56.25	1210	all	0.12	5	0.5	50	NA	1.750122527
HG_54	HG_54	Garden Spur	TAM	16	3	-84.5362	-174.9438	161.572	5.6	8.665	403.1	5723	-20.75	258.1	62.3	2030	all	0.2	5	0.5	50	NA	1.794488047
HG_8	HG_8	Garden Spur	TAM	16	3	-84.5356	-174.952	158.948	5.5	4.51	4173.9	7247.2	-20.65	257.3	97.37	3300	all	0.33	5	0.5	50	NA	1.98842517
HG_6	HG_6	Garden Spur	TAM	16	3	-84.5357	-174.9415	133.368	5.6	7.215	7247.5	8752.83	-20.75	259	56.25	3090	all	0.31	5	0.5	50	NA	1.750122527
NP4_5	NP4_5	Shackleton Glacier	TAM	19	6	-84.53315	-175.3152333	124.616	3.1	8.889	57.5	1123.25	-20.55	241.7	56.25	210	all	0.02	5	0.5	50	NA	1.750122527