""	"185_197_d"	"185_197"	"36_45_d"	"36_45"	"45_55_d"	"45_55"	"546_564_d"	"546_564"	"55_70_d"	"55_70"	"564_582_d"	"564_582"	"597_617_d"	"597_617"	"648_649_d"	"648_649"	"70_85_d"	"70_85"	"859_879_d"	"859_879"	"879_899_d"	"879_899"	"899_911_d"	"899_911"	"911_930_d"	"911_930"	"930_944_d"	"930_944"	"ONG_B1"	"PCR_B1"	"PCR_B3"	"PCR_B4"
"ASV_1"	0	0	0	2730	5088	1962	0	7	0	0	0	0	0	0	9	2759	0	1228	0	2812	0	383	0	0	0	0	0	0	1	0	0	0
"ASV_2"	0	595	0	1421	0	1281	0	0	0	1	0	0	0	0	1350	2111	0	1204	0	1159	0	0	0	0	0	452	0	1060	0	0	0	0
"ASV_3"	0	0	0	2350	1028	538	0	0	0	0	0	0	0	1937	0	728	0	0	0	51	0	1635	0	1	0	0	0	0	0	0	0	0
"ASV_4"	0	0	0	2	3133	1317	0	0	0	0	0	0	0	0	0	1300	0	0	0	29	0	0	0	0	0	0	0	0	0	0	0	0
"ASV_5"	0	0	0	1	0	0	0	0	0	0	0	0	0	0	3255	44	0	1832	0	0	0	0	0	0	0	0	0	0	0	0	0	0
"ASV_6"	0	0	0	0	693	526	0	0	0	0	0	0	0	0	2311	378	0	0	0	0	0	587	0	0	0	0	0	0	0	0	0	0
"ASV_7"	0	0	0	3080	0	1	0	0	0	0	0	0	0	0	0	10	0	0	0	1	0	24	0	0	0	0	0	0	0	0	0	0
"ASV_8"	0	0	0	2690	0	0	0	0	0	0	0	0	0	0	0	0	0	0	0	0	0	0	0	0	0	0	0	0	0	0	0	0
"ASV_9"	0	0	0	2653	0	0	0	0	0	0	0	0	0	0	0	0	0	0	0	0	0	0	0	0	0	0	0	0	0	0	0	0
"ASV_10"	7	0	0	2192	0	105	0	0	0	0	0	0	0	20	0	193	0	0	0	0	3	0	0	0	0	0	0	0	0	0	109	0
"ASV_11"	0	0	0	2390	0	0	0	0	0	0	0	0	0	0	0	3	0	0	0	2	0	0	0	0	0	0	0	0	0	0	0	0
"ASV_12"	0	0	0	0	0	0	0	0	0	0	0	0	0	0	0	0	0	2340	0	0	0	0	0	0	0	0	0	0	0	0	0	0
"ASV_13"	0	0	0	0	0	0	0	0	0	0	0	2333	0	0	0	0	0	0	0	0	0	2	0	0	0	0	0	0	0	0	0	0
"ASV_14"	0	0	0	1924	0	302	0	0	0	0	0	8	0	0	0	1	0	1	1	3	1	0	0	0	0	1	0	0	0	1	0	0
"ASV_15"	0	824	0	0	6	239	0	0	0	0	0	0	0	0	446	202	0	518	0	0	0	0	0	0	0	0	0	0	0	0	0	0
"ASV_16"	0	0	0	0	0	155	0	0	0	0	0	0	0	0	0	331	0	0	1719	0	0	0	0	0	0	0	0	0	0	0	0	0
"ASV_17"	0	0	0	2	3	0	0	0	0	0	0	0	0	0	901	147	0	1	0	0	0	1063	0	0	0	0	0	0	0	0	0	0
"ASV_18"	0	0	0	2038	0	0	0	0	0	0	0	0	0	0	0	0	0	0	0	0	0	0	0	0	0	1	0	0	0	0	0	0
"ASV_19"	0	0	0	1937	0	0	0	0	0	0	0	0	0	0	0	82	0	0	0	0	0	0	0	0	0	0	0	0	0	0	0	0
"ASV_20"	0	0	0	0	0	14	0	0	0	0	0	0	0	0	0	0	0	0	0	1937	0	0	0	0	0	0	0	0	0	0	0	0
"ASV_21"	0	36	19	145	76	22	0	263	0	106	0	22	21	0	368	6	0	16	50	7	1	267	0	50	0	359	0	40	0	0	28	46
"ASV_22"	0	0	0	1902	0	0	0	0	0	0	0	0	0	0	0	0	0	0	0	0	0	0	0	0	0	0	0	0	0	0	0	0
"ASV_23"	0	0	0	0	0	0	0	4	0	0	1	6	0	0	0	71	0	4	0	1523	0	0	0	36	0	0	0	211	20	0	0	0
"ASV_24"	0	0	3	0	0	73	0	0	0	0	0	934	0	0	0	0	0	0	0	2	0	19	0	0	0	0	0	780	16	0	0	0
"ASV_25"	0	0	0	1	0	0	0	0	0	0	0	0	0	0	1	0	1763	0	0	1	0	0	22	1	0	0	0	0	0	1	0	0
"ASV_26"	0	0	0	1765	0	0	0	0	0	0	0	0	0	0	0	0	0	0	0	0	0	0	0	0	0	0	0	0	0	0	0	0
"ASV_27"	0	0	0	0	0	0	0	0	0	263	27	0	0	0	0	0	0	537	0	476	26	0	0	0	0	161	29	0	0	183	0	0
"ASV_28"	0	0	0	0	0	0	0	0	0	0	0	0	0	0	1702	0	0	0	0	0	0	0	0	0	0	0	0	0	0	0	0	0
"ASV_29"	0	0	0	0	0	0	0	0	0	0	0	0	0	0	1678	1	0	0	0	0	0	0	0	0	0	0	0	0	0	0	0	0
"ASV_30"	0	0	0	0	0	160	0	0	0	0	0	0	0	0	0	60	0	1390	0	0	0	0	0	0	0	0	0	0	0	0	0	0
"ASV_31"	0	0	0	1496	0	0	0	0	0	0	0	0	0	0	7	71	0	0	0	0	0	0	0	0	0	0	0	0	0	0	0	0
"ASV_32"	0	0	0	4	25	4	0	0	0	0	0	0	0	0	0	10	0	3	0	4	0	1403	0	0	0	0	0	0	0	0	0	0
"ASV_33"	0	0	0	1	0	0	0	0	0	0	0	0	0	0	0	0	0	0	0	0	0	0	1391	0	0	0	0	0	0	0	0	0
"ASV_34"	0	0	0	0	1379	0	0	0	0	0	0	0	0	0	0	1	0	1	0	0	0	0	0	0	0	0	0	0	0	0	0	0
"ASV_35"	0	0	0	2	756	157	0	0	0	0	0	0	0	0	0	353	0	2	0	3	0	104	0	0	0	0	0	0	0	0	0	0
"ASV_36"	0	0	0	0	0	16	0	0	0	0	0	0	0	0	0	38	0	1316	0	0	0	0	0	0	0	0	0	0	0	0	0	0
"ASV_37"	0	0	0	1358	0	0	0	0	0	0	0	0	0	0	0	1	0	0	0	0	0	0	0	0	0	0	0	0	0	0	0	0
"ASV_38"	0	0	0	0	0	0	0	0	0	0	0	0	0	0	1334	0	0	0	0	0	0	0	0	0	0	0	0	0	0	0	0	0
"ASV_39"	0	0	0	1313	0	0	0	0	0	0	0	0	0	0	0	0	0	0	0	0	0	0	0	0	0	0	0	0	0	0	0	0
"ASV_40"	0	0	0	2	0	0	0	0	0	0	0	0	0	0	1283	0	0	0	0	0	0	6	0	11	0	0	0	0	0	0	0	0
"ASV_41"	0	0	0	0	0	0	0	0	0	0	0	0	0	0	0	0	0	0	0	0	0	0	0	1302	0	0	0	0	0	0	0	0
"ASV_42"	0	0	0	0	1292	0	0	0	0	0	0	0	0	0	0	0	0	0	0	0	0	0	0	0	0	0	0	0	0	0	0	0
"ASV_43"	0	0	0	0	0	0	0	0	0	0	0	0	0	0	0	0	0	0	0	0	0	1292	0	0	0	0	0	0	0	0	0	0
"ASV_44"	0	0	0	1	0	0	0	0	0	0	0	0	0	2	0	2	0	0	0	1212	0	3	0	0	0	0	0	0	0	0	0	0
"ASV_45"	0	0	0	1210	0	0	0	0	0	0	0	0	0	0	0	0	0	0	0	0	0	0	0	0	0	0	0	0	0	0	0	0
"ASV_46"	0	0	0	1	0	113	0	0	0	0	0	0	0	0	0	0	0	0	0	1094	0	0	0	0	0	0	0	0	0	0	0	0
"ASV_47"	0	0	0	0	0	0	0	0	0	0	0	0	0	0	0	0	0	0	0	0	0	0	0	0	1203	0	0	0	0	0	0	0
"ASV_48"	418	0	0	0	33	0	0	44	0	0	28	0	96	0	0	51	0	0	0	0	0	0	0	0	502	0	0	0	0	4	0	0
"ASV_49"	0	0	0	0	0	0	0	0	0	0	0	0	0	0	0	0	0	0	0	0	0	0	1169	0	0	0	0	0	0	0	0	0
"ASV_50"	0	0	0	0	0	0	0	0	0	0	0	0	0	0	1163	0	0	0	0	0	0	0	0	0	0	0	0	0	0	0	0	0
"ASV_51"	0	0	0	1159	0	0	0	0	0	0	0	0	0	0	0	0	0	0	0	0	0	0	0	1	0	0	0	0	0	0	0	0
"ASV_52"	0	0	0	0	0	0	0	0	0	0	0	0	0	0	0	0	0	0	0	1100	0	0	0	0	0	0	0	0	0	0	0	0
"ASV_53"	0	0	0	1084	0	0	0	0	0	0	0	0	0	0	0	0	0	0	0	0	0	0	0	0	0	0	0	0	0	0	0	0
"ASV_54"	0	0	0	1065	0	0	0	0	0	0	0	0	0	0	0	0	0	0	0	0	0	0	0	0	0	0	0	0	0	0	0	0
"ASV_55"	0	0	0	0	0	0	0	0	0	0	0	0	0	0	0	0	0	0	0	0	0	0	0	0	0	1053	0	0	0	0	0	0
"ASV_56"	0	0	0	0	0	0	0	0	0	0	0	0	0	0	0	0	0	0	0	0	0	0	1036	0	0	0	0	0	0	0	0	0
"ASV_57"	0	0	0	0	1033	0	0	0	0	0	0	0	0	0	0	0	0	0	0	0	0	0	0	0	0	0	0	0	0	0	0	0
"ASV_58"	0	0	0	0	0	0	0	0	0	0	0	0	0	0	0	0	0	0	0	554	0	0	0	0	0	1	0	28	0	0	0	434
"ASV_59"	0	0	0	1012	0	0	0	0	0	0	0	0	0	0	0	0	0	0	0	0	0	0	0	0	0	0	0	0	0	0	0	0
"ASV_60"	0	0	0	0	0	0	0	0	0	0	0	0	0	0	1004	0	0	0	0	0	0	0	0	0	0	0	0	0	0	0	0	0
"ASV_61"	0	0	0	0	10	0	0	0	0	0	0	0	0	0	954	0	0	0	0	0	0	0	0	0	0	0	0	0	0	0	0	0
"ASV_62"	0	0	951	0	0	0	0	0	0	0	0	0	0	0	0	3	0	0	0	1	0	0	0	0	0	0	0	0	0	0	0	0
"ASV_63"	0	0	0	0	0	0	0	0	0	0	0	0	0	0	0	0	0	0	0	954	0	0	0	0	0	0	0	0	0	0	0	0
"ASV_64"	0	0	0	0	0	0	0	0	0	0	0	0	0	0	0	0	0	0	0	0	0	941	0	0	0	0	0	0	0	0	0	0
"ASV_65"	0	0	0	0	0	0	0	0	0	0	0	0	0	0	0	0	0	895	0	0	0	0	0	0	0	0	0	0	0	0	0	0
"ASV_66"	0	0	0	835	0	1	0	0	0	0	0	0	0	0	0	31	0	0	0	0	0	0	0	0	0	0	0	0	0	0	0	0
"ASV_67"	0	0	0	0	0	1	0	0	0	0	0	0	0	0	0	0	0	859	0	0	0	0	0	0	0	0	0	0	0	0	0	0
"ASV_68"	0	0	0	848	0	0	0	0	0	0	0	0	0	0	0	0	0	0	0	0	0	0	0	0	0	0	0	0	0	0	0	0
"ASV_69"	0	0	0	0	847	1	0	0	0	0	0	0	0	0	0	0	0	0	0	0	0	0	0	0	0	0	0	0	0	0	0	0
"ASV_70"	0	0	0	0	0	0	0	0	0	0	0	0	0	0	837	0	0	0	0	0	0	0	0	0	0	0	0	0	0	0	0	0
"ASV_71"	0	0	0	824	0	0	0	0	0	0	0	2	0	0	0	0	0	1	0	0	0	0	0	1	0	0	0	0	0	0	0	0
"ASV_72"	8	0	0	0	0	0	0	0	15	0	0	0	0	0	0	40	39	0	0	0	0	0	1	0	0	122	0	599	0	0	0	0
"ASV_73"	0	318	0	0	0	2	0	0	0	1	0	0	0	0	0	0	0	0	0	0	0	0	0	0	8	473	0	0	0	0	0	0
"ASV_74"	0	0	0	0	790	0	0	0	0	0	0	0	0	0	0	0	0	0	0	0	0	0	0	0	0	0	0	0	0	0	0	0
"ASV_75"	0	4	0	1	5	415	0	4	0	0	0	0	0	0	0	344	0	4	0	0	0	0	0	1	0	0	0	0	0	0	0	0
"ASV_76"	0	0	0	769	0	0	0	0	0	0	0	0	0	0	0	0	0	0	0	0	0	0	0	0	0	0	0	0	0	0	0	0
"ASV_77"	0	0	0	0	0	182	0	0	0	0	0	0	0	0	0	0	0	0	0	575	0	0	0	0	0	0	0	0	0	0	0	0
"ASV_78"	0	0	0	4	0	0	0	0	0	26	0	0	0	0	0	112	0	0	0	0	0	0	59	29	521	0	0	0	3	0	0	0
"ASV_79"	0	0	0	0	0	0	0	751	0	0	0	0	0	0	0	0	0	0	0	1	0	0	0	0	0	0	0	0	0	0	0	0
"ASV_80"	0	0	0	0	0	174	0	0	0	0	0	0	0	0	18	0	0	557	0	0	0	0	0	0	0	0	0	0	0	0	0	0
"ASV_81"	0	0	0	0	0	0	0	0	0	0	0	0	0	0	747	0	0	2	0	0	0	0	0	0	0	0	0	0	0	0	0	0
"ASV_82"	0	0	0	0	0	0	0	0	0	0	0	0	0	0	0	0	0	0	0	749	0	0	0	0	0	0	0	0	0	0	0	0
"ASV_83"	1	0	0	0	0	0	0	0	0	0	0	0	3	0	0	0	0	461	0	0	0	283	0	0	0	0	0	0	0	0	0	0
"ASV_84"	0	0	0	0	0	0	0	0	0	0	0	0	0	0	0	0	0	743	0	0	0	0	0	0	0	0	0	0	0	0	0	0
"ASV_85"	0	0	0	0	0	0	0	1	0	0	0	2	0	0	0	0	0	0	0	0	0	0	0	0	0	720	0	0	0	0	0	0
"ASV_86"	0	0	0	657	0	47	0	0	0	0	0	0	0	0	0	0	0	0	0	0	0	0	0	1	0	0	0	0	0	0	0	0
"ASV_87"	0	0	0	0	0	0	0	0	0	0	0	0	0	0	704	0	0	0	0	0	0	0	0	0	0	0	0	0	0	0	0	0
"ASV_88"	0	0	0	8	13	2	0	0	0	0	0	0	0	0	0	4	0	1	0	673	0	0	0	0	0	0	0	0	0	0	0	0
"ASV_89"	0	0	0	0	0	0	0	0	0	0	0	0	0	0	0	0	0	0	0	688	0	0	0	0	0	0	0	0	0	0	0	0
"ASV_90"	0	0	0	0	0	0	0	0	0	0	0	0	0	0	0	0	0	0	0	683	0	0	0	0	0	0	0	0	0	0	0	0
"ASV_91"	0	0	0	0	0	0	0	0	0	0	0	0	0	0	0	0	0	0	0	667	0	0	0	0	0	0	0	0	0	0	0	0
"ASV_92"	0	0	0	0	0	0	0	0	0	0	0	0	0	0	0	0	0	0	0	0	0	0	661	0	0	0	0	0	0	0	0	0
"ASV_93"	0	0	0	0	0	0	0	0	0	0	0	0	0	0	0	0	0	0	0	0	0	567	0	0	0	88	0	0	0	0	0	0
"ASV_94"	0	0	0	0	0	0	0	0	0	0	0	0	0	0	642	0	0	0	0	0	0	0	0	0	0	0	0	0	0	0	0	0
"ASV_95"	0	0	0	0	0	0	0	0	0	0	0	0	0	0	0	0	0	632	0	0	0	0	0	0	0	0	0	0	0	0	0	0
"ASV_96"	0	0	0	8	521	98	0	0	0	0	0	0	0	0	1	1	0	0	0	0	0	0	0	0	0	0	0	0	0	0	0	0
"ASV_97"	0	0	0	0	0	429	0	0	0	0	0	0	0	0	0	179	0	0	0	0	0	0	0	0	0	0	0	0	0	0	0	0
"ASV_98"	0	0	0	601	0	0	0	0	0	0	0	0	0	0	0	0	0	0	0	0	0	0	0	0	0	0	0	0	0	0	0	0
"ASV_99"	0	0	0	0	0	15	0	0	0	2	0	0	0	0	8	0	0	0	30	0	0	8	0	407	0	117	0	0	0	0	0	0
"ASV_100"	0	0	0	0	0	1	0	0	0	0	0	0	0	0	0	0	0	583	0	0	0	0	0	0	0	0	0	0	0	0	0	0
"ASV_101"	0	0	0	0	0	0	0	0	0	0	0	0	0	0	0	0	0	0	0	0	0	0	0	0	0	0	0	568	0	0	0	0
"ASV_102"	0	0	0	0	0	0	0	0	0	0	0	0	0	0	0	0	0	0	0	0	0	0	0	0	0	0	0	0	566	0	0	0
"ASV_103"	0	0	0	0	0	0	0	0	0	0	0	0	0	559	0	0	0	0	0	0	0	0	0	0	0	0	0	0	0	0	0	0
"ASV_104"	0	0	0	0	0	20	0	0	0	0	0	0	0	0	0	535	0	1	0	0	0	0	0	0	0	0	0	0	0	0	0	0
"ASV_105"	0	0	0	2	0	4	0	0	0	0	0	0	0	0	2	0	0	0	0	539	0	0	0	0	0	0	0	0	0	0	0	0
"ASV_106"	0	0	0	0	0	16	0	0	0	0	0	0	0	0	0	0	0	0	0	0	0	531	0	0	0	0	0	0	0	0	0	0
"ASV_107"	0	0	0	165	0	0	0	0	0	0	0	0	0	0	0	0	0	115	0	259	5	0	0	0	0	0	0	0	0	0	0	0
"ASV_108"	0	0	0	0	0	92	0	0	0	0	0	0	0	0	0	57	0	384	0	0	0	0	0	0	0	0	0	0	0	0	0	0
"ASV_109"	0	0	0	0	0	0	0	0	0	0	0	0	0	0	526	0	0	0	0	0	0	0	0	0	0	0	0	0	0	0	0	0
"ASV_110"	0	0	0	0	0	213	0	0	0	0	0	0	0	0	0	312	0	0	0	0	0	0	0	0	0	0	0	0	0	0	0	0
"ASV_111"	0	0	0	0	0	0	0	0	0	0	0	0	0	0	0	0	0	0	0	0	0	0	525	0	0	0	0	0	0	0	0	0
"ASV_112"	0	0	0	4	2	1	0	0	0	0	0	0	0	0	0	6	0	0	0	1	0	502	0	0	0	0	0	0	0	0	0	0
"ASV_113"	0	0	0	0	0	0	43	0	0	0	0	0	0	0	0	0	0	0	0	0	0	471	0	0	0	0	0	0	0	0	0	0
"ASV_114"	0	0	0	0	0	0	0	0	0	0	0	513	0	0	0	0	0	0	0	0	0	0	0	0	0	0	0	0	0	0	0	0
"ASV_115"	0	0	0	0	0	0	0	0	0	0	0	0	0	0	0	0	0	0	0	0	0	0	0	0	0	0	0	0	0	0	506	0
"ASV_116"	0	0	0	0	0	0	0	0	0	0	0	0	0	0	0	0	0	0	0	0	0	0	487	0	0	0	0	0	0	0	0	0
"ASV_117"	0	0	0	0	0	0	0	0	0	0	0	0	0	0	0	0	0	0	0	0	0	469	0	0	0	0	0	0	0	0	0	0
"ASV_118"	0	0	0	0	468	0	0	0	0	0	0	0	0	0	0	0	0	0	0	0	0	0	0	0	0	0	0	0	0	0	0	0
"ASV_119"	0	0	0	0	0	464	0	0	0	0	0	0	0	0	0	0	0	0	0	0	0	0	0	0	0	0	0	0	0	0	0	0
"ASV_120"	0	0	0	0	0	0	0	0	0	0	0	0	0	0	0	0	0	0	0	0	0	455	0	0	0	0	0	0	0	0	0	0
"ASV_121"	0	0	0	0	0	0	0	0	0	0	0	0	0	0	448	0	0	0	0	0	0	0	0	0	0	0	0	0	0	0	0	0
"ASV_122"	0	0	0	0	0	0	0	0	0	0	0	0	0	0	0	0	0	448	0	0	0	0	0	0	0	0	0	0	0	0	0	0
"ASV_123"	0	0	0	0	0	0	0	0	0	0	0	0	0	0	0	0	0	0	0	0	0	0	0	0	0	0	0	444	0	0	0	0
"ASV_124"	0	0	0	4	0	0	0	0	0	0	1	0	0	0	437	0	0	0	0	0	0	0	0	0	0	0	0	0	0	0	0	0
"ASV_125"	0	0	0	0	368	0	0	0	0	0	0	0	0	0	0	72	0	0	0	0	0	0	0	0	0	0	0	0	0	0	0	0
"ASV_126"	0	0	0	0	0	0	0	0	0	0	0	0	0	0	0	0	0	0	0	427	0	0	0	0	0	0	0	0	0	0	0	0
"ASV_127"	0	0	0	0	1	0	0	0	0	0	0	0	0	0	0	0	0	0	0	0	0	425	0	0	0	0	0	0	0	0	0	0
"ASV_128"	0	0	0	0	0	0	0	422	0	0	0	0	0	0	2	0	0	0	0	0	0	0	0	0	0	0	0	0	0	0	0	0
"ASV_129"	0	0	0	9	0	1	0	0	0	0	0	0	0	0	0	39	0	0	0	0	356	0	0	0	0	0	0	0	0	0	0	0
"ASV_130"	0	0	0	0	0	0	0	0	0	0	0	0	0	0	0	0	0	0	0	1	0	402	0	0	0	1	0	0	1	0	0	0
"ASV_131"	0	0	0	398	0	0	0	0	0	0	0	0	0	0	0	0	0	0	0	2	0	0	0	0	0	0	0	0	0	0	0	0
"ASV_132"	0	0	0	0	0	275	0	0	0	0	0	0	0	0	0	119	0	0	0	0	0	0	0	0	0	0	0	0	0	0	0	0
"ASV_133"	0	388	0	0	0	0	0	0	0	0	0	0	0	0	2	0	0	2	0	0	0	0	0	0	0	0	0	0	0	0	0	0
"ASV_134"	0	0	0	0	0	0	0	0	0	0	0	0	0	0	0	0	0	0	0	0	0	0	376	0	0	0	0	0	0	0	0	0
"ASV_135"	0	0	0	140	228	0	0	0	0	0	0	0	0	0	0	0	0	0	0	0	0	0	0	0	0	0	0	0	0	0	0	0
"ASV_136"	0	0	0	8	14	170	0	0	0	0	0	0	0	0	1	6	0	158	0	8	0	0	0	0	0	0	0	0	0	0	0	0
"ASV_137"	0	0	0	0	0	0	0	166	0	0	0	0	0	0	0	65	0	0	0	134	0	0	0	0	0	0	0	0	0	0	0	0
"ASV_138"	0	0	0	293	7	2	0	0	0	0	0	0	0	0	0	31	0	7	0	16	0	2	0	0	0	0	0	0	0	0	0	0
"ASV_139"	0	0	0	0	0	0	0	0	0	11	0	1	0	0	48	0	0	0	0	0	0	0	0	298	0	0	0	0	0	0	0	0
"ASV_140"	0	0	0	1	2	0	0	0	0	0	0	0	0	0	0	0	0	354	0	0	0	0	0	0	0	0	0	0	0	0	0	0
"ASV_141"	0	0	0	0	0	345	0	0	0	0	0	0	0	0	0	8	0	0	0	0	0	0	0	0	0	0	0	0	0	0	0	0
"ASV_142"	0	0	0	0	0	0	0	0	0	0	0	0	0	0	0	162	0	190	0	0	0	0	0	0	0	0	0	0	0	0	0	0
"ASV_143"	0	0	0	0	339	0	0	0	0	0	0	0	0	0	0	0	0	0	0	0	0	0	0	0	0	0	0	0	0	0	0	0
"ASV_144"	0	0	0	1	1	0	0	0	0	0	0	0	0	0	0	1	0	0	0	0	0	331	0	0	0	0	0	0	0	0	0	0
"ASV_145"	0	0	0	0	0	0	0	0	0	0	0	0	0	0	0	0	0	334	0	0	0	0	0	0	0	0	0	0	0	0	0	0
"ASV_146"	0	0	0	0	0	0	0	332	0	0	0	0	0	0	0	0	0	0	0	0	0	0	0	0	0	0	0	0	0	0	0	0
"ASV_147"	0	0	0	0	0	324	0	0	0	0	0	0	0	0	0	0	0	0	0	0	0	0	0	0	0	0	0	0	0	0	0	0
"ASV_148"	0	0	0	16	0	82	0	0	0	0	0	0	0	0	0	0	0	0	0	0	0	0	0	0	0	223	0	0	0	0	0	0
"ASV_149"	0	0	0	0	0	0	0	0	0	0	0	0	0	0	316	0	0	0	0	0	0	0	0	0	0	0	0	0	0	0	0	0
"ASV_150"	0	0	0	0	0	6	0	0	0	0	0	0	0	0	2	301	0	0	0	0	0	0	0	0	0	0	0	0	0	0	0	0
"ASV_151"	0	0	0	0	0	0	0	0	0	0	0	0	0	307	0	0	0	0	0	0	0	0	0	0	0	0	0	0	0	0	0	0
"ASV_152"	0	2	0	3	0	6	0	0	0	0	0	0	0	0	0	2	0	291	0	1	0	0	0	0	0	0	0	0	0	0	0	0
"ASV_153"	0	301	0	0	0	0	0	0	0	0	0	0	0	0	0	0	0	0	0	3	0	0	0	0	0	0	0	0	0	0	0	0
"ASV_154"	0	0	0	0	0	140	0	0	0	0	0	0	0	0	0	140	0	9	0	0	0	0	0	9	0	0	0	0	0	0	0	0
"ASV_155"	0	0	0	0	0	0	0	0	0	0	0	0	0	0	0	0	0	0	0	0	0	296	0	0	0	0	0	0	0	0	0	0
"ASV_156"	0	0	0	0	0	290	0	0	0	0	0	0	0	0	0	0	0	0	0	0	0	0	0	0	0	0	0	0	0	0	0	0
"ASV_157"	0	0	0	289	0	0	0	0	0	0	0	0	0	0	0	0	0	0	0	0	0	0	0	0	0	0	0	0	0	0	0	0
"ASV_158"	0	0	0	1	0	0	0	0	0	0	0	0	0	285	0	1	0	0	0	0	0	0	0	0	0	0	0	0	0	0	0	0
"ASV_159"	0	0	0	0	1	0	0	0	0	0	0	0	0	0	0	0	0	2	0	0	0	282	0	0	0	1	0	0	0	0	0	0
"ASV_160"	0	0	0	1	0	0	0	0	0	0	0	0	0	0	0	0	0	0	0	0	0	283	0	0	0	0	0	0	0	0	0	0
"ASV_161"	0	0	0	0	1	0	0	0	0	0	0	0	0	0	0	0	0	0	0	0	0	0	0	0	0	0	0	0	274	0	0	0
"ASV_162"	0	0	0	274	0	0	0	0	0	0	0	0	0	0	0	0	0	0	0	0	0	0	0	0	0	0	0	0	0	0	0	0
"ASV_163"	0	0	0	0	0	0	0	0	0	0	0	0	0	0	0	0	0	0	0	274	0	0	0	0	0	0	0	0	0	0	0	0
"ASV_164"	0	0	0	0	0	272	0	0	0	0	0	0	0	0	0	0	0	1	0	0	0	0	0	0	0	0	0	0	0	0	0	0
"ASV_165"	0	0	0	0	0	0	0	264	0	0	0	0	0	0	0	0	0	0	0	0	0	0	0	0	0	0	0	9	0	0	0	0
"ASV_166"	0	0	0	0	0	0	0	0	0	271	0	0	0	0	0	0	0	0	0	1	0	0	0	0	0	0	0	0	0	0	0	0
"ASV_167"	0	0	211	0	0	0	0	0	0	0	0	0	0	0	0	0	0	0	26	0	0	0	0	0	0	0	34	0	0	0	0	0
"ASV_168"	0	0	0	0	0	0	0	0	266	0	0	0	0	0	0	0	0	0	0	0	0	0	0	0	0	0	0	0	0	0	0	0
"ASV_169"	0	0	0	262	0	0	0	0	0	0	0	0	0	0	0	0	0	0	0	0	0	0	0	0	0	0	0	0	0	0	0	0
"ASV_170"	0	0	0	0	0	144	0	0	0	0	0	0	0	0	0	118	0	0	0	0	0	0	0	0	0	0	0	0	0	0	0	0
"ASV_171"	0	0	0	0	0	0	0	0	0	0	0	0	0	0	256	0	0	0	0	0	0	2	0	0	0	0	0	0	0	0	0	0
"ASV_172"	0	0	0	0	0	0	0	0	0	0	0	0	0	0	0	0	0	0	0	0	0	0	0	0	0	0	0	254	0	0	0	0
"ASV_173"	0	0	0	0	0	0	0	0	0	0	0	0	0	0	252	0	0	0	0	0	0	0	0	0	0	0	0	0	0	0	0	0
"ASV_174"	0	0	0	0	0	156	0	0	0	0	0	0	0	0	0	95	0	0	0	0	0	0	0	0	0	0	0	0	0	0	0	0
"ASV_175"	0	0	0	245	0	1	0	0	0	0	0	0	0	0	0	0	0	0	0	0	0	0	0	0	0	0	0	0	0	0	0	0
"ASV_176"	0	0	0	0	0	0	0	0	0	0	0	0	0	0	0	0	0	1	0	0	0	0	0	0	0	244	0	0	0	0	0	0
"ASV_177"	0	0	0	244	0	0	0	0	0	0	0	0	0	0	0	0	0	0	0	0	0	0	0	0	0	0	0	0	0	0	0	0
"ASV_178"	0	0	0	0	0	0	0	0	0	0	0	0	0	0	0	0	0	0	0	240	0	0	0	0	0	0	0	0	0	0	0	0
"ASV_179"	0	0	0	0	0	0	0	0	0	0	0	0	0	0	0	60	0	0	0	179	0	0	0	0	0	0	0	0	0	0	0	0
"ASV_180"	0	0	0	0	0	0	0	0	0	0	0	0	0	0	0	0	0	0	0	0	0	0	0	0	0	239	0	0	0	0	0	0
"ASV_181"	0	0	0	0	0	0	0	0	0	0	0	0	0	0	238	0	0	0	0	0	0	0	0	0	0	0	0	0	0	0	0	0
"ASV_182"	0	0	0	0	0	0	0	0	0	0	0	0	0	0	0	0	0	0	0	0	0	0	0	0	0	0	231	0	0	0	0	0
"ASV_183"	0	0	0	0	0	106	0	0	0	0	0	0	0	0	0	124	0	0	0	0	0	0	0	0	0	0	0	0	0	0	0	0
"ASV_184"	0	226	0	0	0	0	0	0	0	0	0	0	0	0	0	0	0	0	0	0	2	0	0	0	0	0	0	0	0	0	0	0
"ASV_185"	0	0	0	227	0	0	0	0	0	0	0	0	0	0	0	0	0	0	0	0	0	0	0	0	0	0	0	0	0	0	0	0
"ASV_186"	0	0	0	6	16	27	0	3	0	0	0	0	0	0	0	150	0	3	0	12	0	1	0	0	0	0	0	0	0	0	0	0
"ASV_187"	0	0	0	3	206	2	0	0	0	0	0	0	0	0	0	1	0	0	0	4	0	0	0	0	0	0	0	0	0	0	0	0
"ASV_188"	0	0	0	0	0	0	0	0	0	0	0	0	0	0	0	0	0	0	0	0	0	216	0	0	0	0	0	0	0	0	0	0
"ASV_189"	0	0	0	0	0	208	0	0	0	0	0	0	0	0	0	0	0	0	0	0	0	0	0	0	0	0	0	0	0	0	0	0
"ASV_190"	0	0	0	0	0	207	0	0	0	0	0	0	0	0	0	0	0	0	0	0	0	0	0	0	0	0	0	0	0	0	0	0
"ASV_191"	0	0	0	0	0	142	0	0	0	0	0	0	0	0	0	65	0	0	0	0	0	0	0	0	0	0	0	0	0	0	0	0
"ASV_192"	0	0	0	0	0	0	0	0	0	0	0	0	0	207	0	0	0	0	0	0	0	0	0	0	0	0	0	0	0	0	0	0
"ASV_193"	0	0	0	0	0	0	0	0	0	0	0	0	0	0	0	11	0	196	0	0	0	0	0	0	0	0	0	0	0	0	0	0
"ASV_194"	0	0	0	0	0	0	0	0	0	0	0	0	0	0	0	0	0	0	207	0	0	0	0	0	0	0	0	0	0	0	0	0
"ASV_195"	0	0	0	0	0	201	0	0	0	0	0	0	0	0	0	1	0	1	0	0	0	0	0	0	0	0	0	0	0	0	0	0
"ASV_196"	0	0	0	201	0	0	0	0	0	0	0	0	0	0	0	0	0	0	0	0	0	0	0	0	0	0	0	0	0	0	0	0
"ASV_197"	0	0	0	0	0	196	0	0	0	0	0	0	0	0	0	0	0	0	0	0	0	0	0	0	0	0	0	0	0	0	0	0
"ASV_198"	0	0	0	0	0	142	0	0	0	0	0	0	0	0	0	52	0	0	0	0	0	0	0	0	0	0	0	0	0	0	0	0
"ASV_199"	0	0	0	3	1	177	0	0	0	0	0	0	0	0	1	0	0	2	1	4	0	0	1	0	0	1	0	1	0	0	0	0
"ASV_200"	0	0	0	0	0	0	0	0	0	0	0	0	0	0	0	191	0	0	0	0	0	0	0	0	0	0	0	0	0	0	0	0
"ASV_201"	0	0	0	0	0	0	0	0	0	0	0	0	0	0	0	0	0	0	0	0	0	191	0	0	0	0	0	0	0	0	0	0
"ASV_202"	0	0	0	0	0	189	0	0	0	0	0	0	0	0	0	0	0	0	0	0	0	0	0	0	0	0	0	0	0	0	0	0
"ASV_203"	0	0	0	1	0	0	0	0	0	0	0	0	0	0	0	0	187	0	0	0	0	0	0	0	0	0	0	0	0	0	0	0
"ASV_204"	0	0	0	0	0	188	0	0	0	0	0	0	0	0	0	0	0	0	0	0	0	0	0	0	0	0	0	0	0	0	0	0
"ASV_205"	0	0	0	0	0	0	0	0	0	0	0	0	0	0	0	0	0	0	186	0	0	0	0	0	0	0	0	0	0	0	0	0
"ASV_206"	0	0	0	0	0	0	0	0	0	0	0	184	0	0	0	0	0	0	0	0	0	0	0	0	0	0	0	0	0	0	0	0
"ASV_207"	0	0	0	0	0	182	0	0	0	0	0	0	0	0	0	0	0	0	0	0	0	0	0	0	0	0	0	0	0	0	0	0
"ASV_208"	0	0	0	0	0	0	0	0	0	0	181	0	0	0	0	0	0	0	0	0	0	0	0	0	0	0	0	0	0	0	0	0
"ASV_209"	0	0	0	0	0	0	0	0	0	0	0	87	0	0	0	0	0	0	0	0	0	0	0	0	0	0	94	0	0	0	0	0
"ASV_210"	0	0	0	0	176	0	0	0	0	0	0	0	0	0	0	0	0	0	0	0	0	0	0	0	0	0	0	0	0	0	0	0
"ASV_211"	0	0	0	0	0	0	0	0	0	0	0	0	0	0	0	0	0	0	0	0	0	9	0	166	0	0	0	0	0	1	0	0
"ASV_212"	0	0	0	0	175	0	0	0	0	0	0	0	0	0	0	0	0	0	0	0	0	0	0	0	0	0	0	0	0	0	0	0
"ASV_213"	0	0	0	0	0	1	0	0	0	0	0	0	0	0	1	1	0	0	0	172	0	0	0	0	0	0	0	0	0	0	0	0
"ASV_214"	0	0	0	0	0	174	0	0	0	0	0	0	0	0	0	0	0	0	0	0	0	0	0	0	0	0	0	0	0	0	0	0
"ASV_215"	0	0	0	0	0	173	0	0	0	0	0	0	0	0	0	0	0	0	0	0	0	0	0	0	0	0	0	0	0	0	0	0
"ASV_216"	0	0	0	0	0	0	0	0	0	0	0	0	0	0	167	0	0	5	0	0	0	0	0	0	0	0	0	0	0	0	0	0
"ASV_217"	0	0	138	0	0	0	0	0	0	0	0	0	0	0	0	0	0	0	0	0	0	0	0	30	0	0	0	0	0	0	0	0
"ASV_218"	0	0	0	0	0	165	0	0	0	0	0	0	0	0	0	0	0	0	0	0	0	0	0	0	0	0	0	0	0	0	0	0
"ASV_219"	0	0	0	1	0	0	0	0	0	0	0	0	0	0	0	2	0	0	0	0	0	0	0	0	0	0	0	0	0	0	160	0
"ASV_220"	0	0	0	0	0	161	0	0	0	0	0	0	0	0	0	0	0	0	0	0	0	0	0	0	0	0	0	0	0	0	0	0
"ASV_221"	0	0	0	0	0	2	0	0	0	0	0	0	0	0	0	159	0	0	0	0	0	0	0	0	0	0	0	0	0	0	0	0
"ASV_222"	0	0	0	0	0	0	0	0	0	0	0	0	0	0	0	0	0	159	0	0	0	0	0	0	0	0	0	0	0	0	0	0
"ASV_223"	0	0	0	1	4	0	0	0	0	0	0	0	0	0	0	152	0	1	0	0	0	0	0	0	0	0	0	0	0	0	0	0
"ASV_224"	0	0	0	3	0	152	0	0	0	0	0	0	0	0	0	1	0	0	0	0	0	0	0	0	0	0	0	0	0	0	0	0
"ASV_225"	0	0	0	0	1	10	0	85	0	0	0	0	60	0	0	0	0	0	0	0	0	0	0	0	0	0	0	0	0	0	0	0
"ASV_226"	0	0	0	0	5	140	0	0	0	0	0	0	0	0	0	9	0	0	0	0	0	0	0	0	0	0	0	0	0	0	0	0
"ASV_227"	0	0	0	0	3	148	0	0	0	0	0	0	0	0	0	0	0	2	0	1	0	0	0	0	0	0	0	0	0	0	0	0
"ASV_228"	0	0	0	41	0	105	0	0	0	0	0	0	0	0	0	7	0	0	0	0	0	0	0	0	0	0	0	0	0	0	0	0
"ASV_229"	0	0	0	0	0	153	0	0	0	0	0	0	0	0	0	0	0	0	0	0	0	0	0	0	0	0	0	0	0	0	0	0
"ASV_230"	0	1	0	1	0	0	0	0	0	0	0	0	0	0	0	149	0	0	0	1	0	0	0	0	0	0	0	0	0	0	0	0
"ASV_231"	0	0	1	2	0	0	0	0	0	0	0	1	0	142	0	1	0	1	0	0	0	1	2	0	0	0	0	0	0	0	0	0
"ASV_232"	0	0	0	0	0	35	0	0	0	0	0	0	0	0	0	116	0	0	0	0	0	0	0	0	0	0	0	0	0	0	0	0
"ASV_233"	0	0	0	0	0	150	0	0	0	0	0	0	0	0	0	0	0	0	0	0	0	0	0	0	0	0	0	0	0	0	0	0
"ASV_234"	0	0	0	0	0	0	0	0	0	0	0	0	0	0	0	149	0	0	0	0	0	0	0	0	0	0	0	0	0	0	0	0
"ASV_235"	0	0	0	0	0	0	0	0	0	0	0	0	0	0	0	1	0	0	0	0	0	147	0	0	0	0	0	0	0	0	0	0
"ASV_236"	0	0	0	1	0	0	0	0	0	0	0	0	0	0	1	145	0	0	0	0	0	0	0	0	0	0	0	0	0	0	0	0
"ASV_237"	0	0	0	0	0	0	0	0	0	0	0	0	0	0	0	147	0	0	0	0	0	0	0	0	0	0	0	0	0	0	0	0
"ASV_238"	0	0	0	0	0	0	0	0	0	0	0	0	0	0	0	147	0	0	0	0	0	0	0	0	0	0	0	0	0	0	0	0
"ASV_239"	0	0	0	0	7	138	0	0	0	0	0	0	0	0	0	0	0	0	0	0	0	0	0	0	0	0	0	0	0	0	0	0
"ASV_240"	0	0	0	0	0	0	0	0	0	0	0	0	0	0	0	0	0	0	0	0	0	145	0	0	0	0	0	0	0	0	0	0
"ASV_241"	0	0	0	0	0	0	0	0	0	0	0	0	0	0	0	0	0	0	0	0	0	1	0	0	0	0	0	144	0	0	0	0
"ASV_242"	0	0	0	0	0	0	0	0	0	0	0	0	0	0	0	0	0	0	0	0	0	0	0	0	0	145	0	0	0	0	0	0
"ASV_243"	0	5	1	45	7	13	0	2	0	2	0	0	0	0	7	13	0	12	0	19	0	2	1	2	0	2	0	1	0	9	0	1
"ASV_244"	0	0	0	0	0	143	0	0	0	0	0	0	0	0	0	0	0	0	0	0	0	0	0	0	0	0	0	0	0	0	0	0
"ASV_245"	0	0	0	0	0	0	0	0	0	0	0	0	0	0	0	143	0	0	0	0	0	0	0	0	0	0	0	0	0	0	0	0
"ASV_246"	0	0	0	0	0	0	0	0	0	0	0	0	0	0	0	141	0	0	0	0	0	0	0	0	0	0	0	0	0	0	0	0
"ASV_247"	0	0	0	1	0	0	0	0	0	0	0	0	0	0	0	139	0	0	0	0	0	0	0	0	0	0	0	0	0	0	0	0
"ASV_248"	0	0	0	0	0	0	0	0	0	0	0	0	0	0	39	100	0	0	0	1	0	0	0	0	0	0	0	0	0	0	0	0
"ASV_249"	0	0	0	0	0	0	0	0	0	0	0	0	0	0	0	140	0	0	0	0	0	0	0	0	0	0	0	0	0	0	0	0
"ASV_250"	0	138	0	0	0	0	0	0	0	0	0	0	0	0	0	0	0	0	0	0	0	0	0	0	0	1	0	0	0	0	0	0
"ASV_251"	0	0	0	0	0	0	0	0	0	0	0	0	0	0	0	0	0	0	0	0	0	136	0	3	0	0	0	0	0	0	0	0
"ASV_252"	0	0	0	138	0	0	0	0	0	0	0	0	0	0	0	0	0	0	0	0	0	0	0	0	0	0	0	0	0	0	0	0
"ASV_253"	0	0	0	0	0	0	0	0	0	0	0	0	0	0	0	0	0	0	136	0	0	0	0	0	0	0	0	0	0	0	0	0
"ASV_254"	0	0	1	0	0	0	0	0	0	0	0	0	0	0	0	134	0	0	0	0	0	0	0	0	0	0	0	0	0	0	0	0
"ASV_255"	0	0	0	0	1	132	0	0	0	0	0	0	0	0	0	2	0	0	0	0	0	0	0	0	0	0	0	0	0	0	0	0
"ASV_256"	0	0	0	0	0	0	0	0	0	0	0	0	0	0	0	0	0	0	0	0	0	0	0	0	0	0	0	0	0	0	0	135
"ASV_257"	0	5	0	18	0	12	0	0	0	0	0	0	0	0	8	25	0	22	0	20	0	0	0	0	0	8	0	10	0	0	0	0
"ASV_258"	0	0	0	0	0	0	0	0	3	0	0	0	0	0	0	125	0	0	0	0	0	0	0	0	0	0	0	0	0	0	0	0
"ASV_259"	0	0	0	0	0	0	0	0	0	0	0	0	0	0	0	0	0	0	0	0	0	0	0	0	0	0	128	0	0	0	0	0
"ASV_260"	0	0	0	0	0	0	0	0	0	0	0	0	0	0	0	127	0	0	0	0	0	0	0	0	0	0	0	0	0	0	0	0
"ASV_261"	0	0	0	0	0	0	0	0	0	0	0	0	0	0	0	126	0	0	0	0	0	0	0	0	0	0	0	0	0	0	0	0
"ASV_262"	0	0	0	0	0	0	0	0	0	0	0	0	0	0	0	126	0	0	0	0	0	0	0	0	0	0	0	0	0	0	0	0
"ASV_263"	0	0	0	0	0	0	0	0	0	0	0	0	0	0	0	0	0	0	124	0	0	0	0	0	0	0	0	0	0	0	0	0
"ASV_264"	0	0	0	0	0	122	0	0	0	0	0	0	0	0	0	0	0	0	0	0	0	0	0	0	0	0	0	0	0	0	0	0
"ASV_265"	0	0	0	0	0	43	0	0	0	0	0	0	0	0	0	79	0	0	0	0	0	0	0	0	0	0	0	0	0	0	0	0
"ASV_266"	0	0	0	0	0	0	0	14	0	0	0	108	0	0	0	0	0	0	0	0	0	0	0	0	0	0	0	0	0	0	0	0
"ASV_267"	0	0	0	0	0	119	0	0	0	0	0	0	0	0	0	0	0	0	0	0	0	0	0	0	0	0	0	0	0	0	0	0
"ASV_268"	0	0	0	0	0	0	0	0	0	0	0	0	0	0	0	119	0	0	0	0	0	0	0	0	0	0	0	0	0	0	0	0
"ASV_269"	0	0	0	0	118	0	0	0	0	0	0	0	0	0	0	0	0	0	0	0	0	0	0	0	0	0	0	0	0	0	0	0
"ASV_270"	0	0	0	0	0	14	0	0	0	0	0	0	5	0	0	19	0	0	80	0	0	0	0	0	0	0	0	0	0	0	0	0
"ASV_271"	0	0	0	0	0	0	0	0	0	0	0	0	0	0	0	118	0	0	0	0	0	0	0	0	0	0	0	0	0	0	0	0
"ASV_272"	0	0	0	117	0	0	0	0	0	0	0	0	0	0	0	0	0	0	0	0	0	0	0	0	0	0	0	0	0	0	0	0
"ASV_273"	0	0	0	0	0	116	0	0	0	0	0	0	0	0	0	0	0	0	0	0	0	0	0	0	0	0	0	0	0	0	0	0
"ASV_274"	0	0	0	0	0	0	0	0	0	0	0	0	0	0	1	0	0	111	0	0	0	0	0	3	0	0	0	0	0	0	0	0
"ASV_275"	0	0	0	0	0	0	0	0	0	0	0	0	0	0	0	115	0	0	0	0	0	0	0	0	0	0	0	0	0	0	0	0
"ASV_276"	0	0	0	0	0	113	0	0	0	0	0	0	0	0	0	1	0	0	0	0	0	0	0	0	0	0	0	0	0	0	0	0
"ASV_277"	0	0	0	0	0	0	0	0	0	0	0	0	0	114	0	0	0	0	0	0	0	0	0	0	0	0	0	0	0	0	0	0
"ASV_278"	0	0	0	0	0	0	0	0	0	0	0	0	0	0	7	107	0	0	0	0	0	0	0	0	0	0	0	0	0	0	0	0
"ASV_279"	0	0	0	0	0	0	0	0	0	0	0	0	0	0	0	0	0	0	0	114	0	0	0	0	0	0	0	0	0	0	0	0
"ASV_280"	0	0	0	6	1	1	0	0	0	1	0	1	0	1	4	86	0	1	0	2	0	0	0	1	0	1	0	0	0	6	1	0
"ASV_281"	0	0	0	0	0	0	0	0	0	0	0	0	0	0	0	0	0	0	0	0	0	113	0	0	0	0	0	0	0	0	0	0
"ASV_282"	0	0	0	0	0	0	0	0	0	0	0	0	0	0	0	0	0	0	0	0	0	0	113	0	0	0	0	0	0	0	0	0
"ASV_283"	0	1	0	0	0	0	0	111	0	0	0	0	0	0	0	0	0	0	0	0	0	0	0	0	0	0	0	0	0	0	0	0
"ASV_284"	0	0	0	0	0	0	0	0	0	0	0	0	0	0	0	112	0	0	0	0	0	0	0	0	0	0	0	0	0	0	0	0
"ASV_285"	0	0	0	0	0	0	0	0	0	0	0	0	0	0	0	111	0	0	0	0	0	0	0	0	0	0	0	0	0	0	0	0
"ASV_286"	0	0	0	0	0	0	0	0	0	0	0	0	0	0	0	109	0	0	0	0	0	0	0	0	0	0	0	0	0	0	0	0
"ASV_287"	0	0	0	108	0	0	0	0	0	0	0	0	0	0	0	0	0	0	0	0	0	0	0	0	0	0	0	0	0	0	0	0
"ASV_288"	0	0	0	0	108	0	0	0	0	0	0	0	0	0	0	0	0	0	0	0	0	0	0	0	0	0	0	0	0	0	0	0
"ASV_289"	0	0	0	0	0	108	0	0	0	0	0	0	0	0	0	0	0	0	0	0	0	0	0	0	0	0	0	0	0	0	0	0
"ASV_290"	0	0	0	0	0	107	0	0	0	0	0	0	0	0	0	0	0	0	0	1	0	0	0	0	0	0	0	0	0	0	0	0
"ASV_291"	0	0	0	107	0	0	0	0	0	0	0	0	0	0	0	0	0	0	0	0	0	0	0	0	0	0	0	0	0	0	0	0
"ASV_292"	0	0	0	105	0	0	0	0	0	0	0	0	0	0	0	2	0	0	0	0	0	0	0	0	0	0	0	0	0	0	0	0
"ASV_293"	0	0	0	0	107	0	0	0	0	0	0	0	0	0	0	0	0	0	0	0	0	0	0	0	0	0	0	0	0	0	0	0
"ASV_294"	0	0	0	0	0	0	0	0	0	0	0	0	107	0	0	0	0	0	0	0	0	0	0	0	0	0	0	0	0	0	0	0
"ASV_295"	0	0	106	0	0	0	0	0	0	0	0	0	0	0	0	0	0	0	0	0	0	0	0	0	0	0	0	0	0	0	0	0
"ASV_296"	0	0	0	0	0	0	0	0	0	0	0	0	0	0	0	106	0	0	0	0	0	0	0	0	0	0	0	0	0	0	0	0
"ASV_297"	0	0	0	0	0	0	0	0	0	0	0	0	0	0	0	0	0	0	0	106	0	0	0	0	0	0	0	0	0	0	0	0
"ASV_298"	0	0	0	0	0	0	0	0	0	0	0	0	0	0	0	0	0	0	0	0	0	0	0	0	106	0	0	0	0	0	0	0
"ASV_299"	0	0	0	0	105	0	0	0	0	0	0	0	0	0	0	0	0	0	0	0	0	0	0	0	0	0	0	0	0	0	0	0
"ASV_300"	0	0	0	0	0	0	0	0	0	0	0	0	0	105	0	0	0	0	0	0	0	0	0	0	0	0	0	0	0	0	0	0
"ASV_301"	0	0	0	0	0	0	0	0	0	0	0	0	0	0	0	104	0	0	0	0	0	0	0	0	0	0	0	0	0	0	0	0
"ASV_302"	0	0	0	0	0	0	0	0	0	0	0	0	0	0	0	0	0	104	0	0	0	0	0	0	0	0	0	0	0	0	0	0
"ASV_303"	0	0	0	103	0	0	0	0	0	0	0	0	0	0	0	0	0	0	0	0	0	0	0	0	0	0	0	0	0	0	0	0
"ASV_304"	0	0	0	0	2	3	0	96	0	0	0	0	0	0	0	2	0	0	0	0	0	0	0	0	0	0	0	0	0	0	0	0
"ASV_305"	0	0	0	0	0	103	0	0	0	0	0	0	0	0	0	0	0	0	0	0	0	0	0	0	0	0	0	0	0	0	0	0
"ASV_306"	0	0	0	0	0	1	0	0	0	0	0	0	0	0	0	101	0	0	0	0	0	0	0	0	0	0	0	1	0	0	0	0
"ASV_307"	0	0	0	4	0	96	0	0	0	0	0	2	0	0	0	0	0	0	0	0	0	0	0	0	0	0	0	0	0	0	0	0
"ASV_308"	0	0	0	1	0	0	0	0	0	0	0	0	0	0	101	0	0	0	0	0	0	0	0	0	0	0	0	0	0	0	0	0
"ASV_309"	0	0	0	0	0	0	0	0	0	0	0	102	0	0	0	0	0	0	0	0	0	0	0	0	0	0	0	0	0	0	0	0
"ASV_310"	0	0	0	0	0	0	0	0	0	0	0	0	0	0	0	0	0	0	0	0	0	0	0	0	0	101	0	0	0	0	0	1
"ASV_311"	0	0	0	0	0	100	0	0	0	0	0	0	0	0	0	0	0	0	0	0	0	0	0	0	0	0	0	0	0	0	0	0
"ASV_312"	0	0	0	0	0	0	0	0	0	0	0	0	0	0	0	0	0	0	0	100	0	0	0	0	0	0	0	0	0	0	0	0
"ASV_313"	0	0	0	0	0	1	0	0	0	0	0	0	0	0	0	97	0	0	0	0	0	0	0	0	0	0	0	0	0	0	0	0
"ASV_314"	0	0	0	0	0	0	0	0	0	0	0	0	0	0	0	98	0	0	0	0	0	0	0	0	0	0	0	0	0	0	0	0
"ASV_315"	0	0	0	0	0	97	0	0	0	0	0	0	0	0	0	0	0	0	0	0	0	0	0	0	0	0	0	0	0	0	0	0
"ASV_316"	0	0	0	0	0	0	0	0	0	0	0	10	0	0	0	0	0	0	0	0	0	0	0	87	0	0	0	0	0	0	0	0
"ASV_317"	0	0	0	0	0	96	0	0	0	0	0	0	0	0	0	0	0	0	0	0	0	0	0	0	0	0	0	0	0	0	0	0
"ASV_318"	0	0	0	0	0	96	0	0	0	0	0	0	0	0	0	0	0	0	0	0	0	0	0	0	0	0	0	0	0	0	0	0
"ASV_319"	0	0	0	0	0	0	0	0	0	0	0	1	0	0	0	0	0	0	0	0	0	0	0	0	0	0	0	95	0	0	0	0
"ASV_320"	0	0	0	0	0	0	0	0	0	0	0	0	0	0	96	0	0	0	0	0	0	0	0	0	0	0	0	0	0	0	0	0
"ASV_321"	0	0	0	0	0	94	0	0	0	0	0	0	0	0	0	0	0	0	0	0	0	0	0	0	0	0	0	0	0	0	0	0
"ASV_322"	0	0	0	0	0	0	0	0	0	0	0	0	0	0	0	94	0	0	0	0	0	0	0	0	0	0	0	0	0	0	0	0
"ASV_323"	0	0	0	0	0	0	0	0	0	0	0	0	0	0	0	0	0	0	0	0	0	0	0	0	0	0	0	0	94	0	0	0
"ASV_324"	0	0	0	0	0	93	0	0	0	0	0	0	0	0	0	0	0	0	0	0	0	0	0	0	0	0	0	0	0	0	0	0
"ASV_325"	0	0	0	0	0	5	0	0	0	0	0	0	0	0	0	88	0	0	0	0	0	0	0	0	0	0	0	0	0	0	0	0
"ASV_326"	0	0	0	0	0	1	0	0	0	0	0	0	0	0	0	90	0	2	0	0	0	0	0	0	0	0	0	0	0	0	0	0
"ASV_327"	0	0	0	92	0	0	0	0	0	0	0	0	0	0	0	0	0	0	0	0	0	0	0	0	0	0	0	0	0	0	0	0
"ASV_328"	0	0	0	0	0	92	0	0	0	0	0	0	0	0	0	0	0	0	0	0	0	0	0	0	0	0	0	0	0	0	0	0
"ASV_329"	0	0	0	0	0	0	0	0	0	0	0	0	0	0	0	92	0	0	0	0	0	0	0	0	0	0	0	0	0	0	0	0
"ASV_330"	0	0	0	0	0	0	0	0	0	0	0	0	0	0	0	0	0	0	0	0	0	0	0	0	0	0	0	91	0	0	0	0
"ASV_331"	0	0	0	0	0	90	0	0	0	0	0	0	0	0	0	0	0	0	0	0	0	0	0	0	0	0	0	0	0	0	0	0
"ASV_332"	0	0	0	0	0	0	0	0	0	0	0	0	0	0	0	90	0	0	0	0	0	0	0	0	0	0	0	0	0	0	0	0
"ASV_333"	0	0	0	0	0	0	0	0	0	0	0	0	0	0	0	90	0	0	0	0	0	0	0	0	0	0	0	0	0	0	0	0
"ASV_334"	0	0	0	0	0	0	0	0	0	0	0	0	0	0	0	0	0	0	0	0	0	90	0	0	0	0	0	0	0	0	0	0
"ASV_335"	0	0	0	0	0	89	0	0	0	0	0	0	0	0	0	0	0	0	0	0	0	0	0	0	0	0	0	0	0	0	0	0
"ASV_336"	0	0	0	0	0	87	0	0	0	0	0	0	0	0	0	0	0	0	0	2	0	0	0	0	0	0	0	0	0	0	0	0
"ASV_337"	0	0	0	88	0	0	0	0	0	0	0	0	0	0	0	0	0	0	0	0	0	0	0	0	0	0	0	0	0	0	0	0
"ASV_338"	0	0	0	0	0	0	0	0	0	0	0	0	0	0	0	87	0	0	0	0	0	0	0	0	0	0	0	0	0	0	0	0
"ASV_339"	0	0	0	0	0	0	0	0	0	0	0	0	0	1	0	84	0	0	0	0	0	1	0	0	0	0	0	0	0	0	0	0
"ASV_340"	0	0	0	0	0	0	0	0	0	0	0	0	0	0	0	86	0	0	0	0	0	0	0	0	0	0	0	0	0	0	0	0
"ASV_341"	0	0	0	0	0	0	0	0	0	0	0	0	0	0	0	0	0	0	0	0	0	86	0	0	0	0	0	0	0	0	0	0
"ASV_342"	0	0	0	0	0	85	0	0	0	0	0	0	0	0	0	0	0	0	0	0	0	0	0	0	0	0	0	0	0	0	0	0
"ASV_343"	0	0	0	0	0	0	0	0	0	0	0	0	0	0	0	0	0	0	0	0	0	0	0	0	0	0	0	0	0	0	85	0
"ASV_344"	0	0	0	0	0	84	0	0	0	0	0	0	0	0	0	0	0	0	0	0	0	0	0	0	0	0	0	0	0	0	0	0
"ASV_345"	0	0	0	0	0	79	0	0	0	0	0	0	0	0	0	0	0	0	0	4	0	0	0	0	0	0	0	0	0	0	0	0
"ASV_346"	0	0	0	0	0	0	0	0	0	0	0	0	0	0	0	0	0	0	0	0	0	83	0	0	0	0	0	0	0	0	0	0
"ASV_347"	0	0	0	0	1	0	0	0	0	0	0	0	0	0	0	81	0	0	0	0	0	0	0	0	0	0	0	0	0	0	0	0
"ASV_348"	0	0	0	0	0	82	0	0	0	0	0	0	0	0	0	0	0	0	0	0	0	0	0	0	0	0	0	0	0	0	0	0
"ASV_349"	0	0	0	0	0	82	0	0	0	0	0	0	0	0	0	0	0	0	0	0	0	0	0	0	0	0	0	0	0	0	0	0
"ASV_350"	0	0	0	0	0	0	0	0	0	0	0	0	0	0	0	0	0	0	0	0	0	0	0	0	0	82	0	0	0	0	0	0
"ASV_351"	0	0	0	0	0	0	0	0	0	0	0	0	0	0	81	0	0	0	0	0	0	0	0	0	0	0	0	0	0	0	0	0
"ASV_352"	0	0	0	0	0	0	0	0	0	0	0	0	0	0	0	81	0	0	0	0	0	0	0	0	0	0	0	0	0	0	0	0
"ASV_353"	0	0	0	80	0	0	0	0	0	0	0	0	0	0	0	0	0	0	0	0	0	0	0	0	0	0	0	0	0	0	0	0
"ASV_354"	0	0	0	9	0	71	0	0	0	0	0	0	0	0	0	0	0	0	0	0	0	0	0	0	0	0	0	0	0	0	0	0
"ASV_355"	0	0	0	0	0	79	0	0	0	0	0	0	0	0	0	0	0	0	0	0	0	0	0	0	0	0	0	0	0	0	0	0
"ASV_356"	0	0	0	0	0	79	0	0	0	0	0	0	0	0	0	0	0	0	0	0	0	0	0	0	0	0	0	0	0	0	0	0
"ASV_357"	0	0	0	0	0	0	0	0	0	0	0	0	0	0	0	79	0	0	0	0	0	0	0	0	0	0	0	0	0	0	0	0
"ASV_358"	0	0	0	8	3	4	0	0	0	27	0	0	0	0	2	1	4	1	0	3	0	1	0	1	0	4	0	0	19	0	0	0
"ASV_359"	0	0	0	0	72	0	0	0	0	0	0	0	0	0	0	5	0	0	0	1	0	0	0	0	0	0	0	0	0	0	0	0
"ASV_360"	0	0	0	0	0	0	0	0	0	0	0	0	0	0	0	78	0	0	0	0	0	0	0	0	0	0	0	0	0	0	0	0
"ASV_361"	0	0	0	0	0	0	0	0	0	0	0	0	0	0	0	78	0	0	0	0	0	0	0	0	0	0	0	0	0	0	0	0
"ASV_362"	0	1	0	0	0	75	0	0	0	0	0	0	0	0	0	0	0	0	0	0	0	0	0	0	0	1	0	0	0	0	0	0
"ASV_363"	0	0	0	0	0	77	0	0	0	0	0	0	0	0	0	0	0	0	0	0	0	0	0	0	0	0	0	0	0	0	0	0
"ASV_364"	0	0	0	0	0	42	0	0	0	0	0	0	0	0	2	33	0	0	0	0	0	0	0	0	0	0	0	0	0	0	0	0
"ASV_365"	0	0	0	0	1	1	0	0	0	0	0	0	0	0	0	69	0	0	0	1	0	1	0	0	1	1	0	1	0	0	0	0
"ASV_366"	0	0	0	0	0	0	0	0	0	0	0	0	0	0	0	76	0	0	0	0	0	0	0	0	0	0	0	0	0	0	0	0
"ASV_367"	0	0	0	0	0	0	0	0	0	0	0	0	0	0	0	76	0	0	0	0	0	0	0	0	0	0	0	0	0	0	0	0
"ASV_368"	0	0	0	0	0	0	0	0	0	0	0	0	0	0	0	0	0	0	0	76	0	0	0	0	0	0	0	0	0	0	0	0
"ASV_369"	0	0	0	0	0	0	0	0	0	0	0	0	0	0	0	0	0	0	0	0	0	0	0	76	0	0	0	0	0	0	0	0
"ASV_370"	0	0	0	0	0	75	0	0	0	0	0	0	0	0	0	0	0	0	0	0	0	0	0	0	0	0	0	0	0	0	0	0
"ASV_371"	0	0	0	0	0	0	0	0	0	0	0	0	0	0	0	75	0	0	0	0	0	0	0	0	0	0	0	0	0	0	0	0
"ASV_372"	0	0	0	0	0	0	0	0	0	0	0	0	0	0	0	0	0	0	0	0	0	0	0	0	0	0	0	75	0	0	0	0
"ASV_373"	0	0	0	0	0	74	0	0	0	0	0	0	0	0	0	0	0	0	0	0	0	0	0	0	0	0	0	0	0	0	0	0
"ASV_374"	0	0	0	0	0	1	0	0	0	0	0	0	0	0	0	72	0	0	0	0	0	1	0	0	0	0	0	0	0	0	0	0
"ASV_375"	0	0	0	0	0	0	0	0	0	0	0	0	0	0	0	74	0	0	0	0	0	0	0	0	0	0	0	0	0	0	0	0
"ASV_376"	0	0	0	0	0	0	0	0	0	0	0	0	0	0	0	0	0	74	0	0	0	0	0	0	0	0	0	0	0	0	0	0
"ASV_377"	0	0	0	0	0	0	0	0	0	0	0	0	0	0	0	0	0	0	0	0	0	0	0	74	0	0	0	0	0	0	0	0
"ASV_378"	0	0	0	0	2	0	0	0	0	0	0	0	0	0	0	71	0	0	0	0	0	0	0	0	0	0	0	0	0	0	0	0
"ASV_379"	0	0	0	0	0	0	0	0	0	0	0	0	0	0	0	72	0	0	0	0	0	0	0	0	0	0	0	0	0	0	0	0
"ASV_380"	0	0	0	0	0	0	0	0	0	0	0	0	0	0	0	72	0	0	0	0	0	0	0	0	0	0	0	0	0	0	0	0
"ASV_381"	0	0	0	0	0	0	0	0	0	0	0	0	0	0	0	72	0	0	0	0	0	0	0	0	0	0	0	0	0	0	0	0
"ASV_382"	0	0	0	0	0	0	0	0	0	0	0	0	0	0	0	0	0	72	0	0	0	0	0	0	0	0	0	0	0	0	0	0
"ASV_383"	0	0	0	1	0	1	0	0	0	0	0	0	0	0	0	69	0	0	0	0	0	0	0	0	0	0	0	0	0	0	0	0
"ASV_384"	0	0	0	0	0	71	0	0	0	0	0	0	0	0	0	0	0	0	0	0	0	0	0	0	0	0	0	0	0	0	0	0
"ASV_385"	0	0	0	0	0	70	0	0	0	0	0	0	0	0	0	0	0	0	0	0	0	0	0	0	0	0	0	0	0	0	0	0
"ASV_386"	0	0	0	0	0	2	0	0	0	0	0	0	0	0	0	68	0	0	0	0	0	0	0	0	0	0	0	0	0	0	0	0
"ASV_387"	0	0	0	0	0	0	0	0	0	0	0	0	0	0	0	70	0	0	0	0	0	0	0	0	0	0	0	0	0	0	0	0
"ASV_388"	0	0	0	0	0	0	0	0	0	0	0	0	0	0	0	70	0	0	0	0	0	0	0	0	0	0	0	0	0	0	0	0
"ASV_389"	0	0	0	0	0	0	0	0	0	0	0	0	0	0	0	70	0	0	0	0	0	0	0	0	0	0	0	0	0	0	0	0
"ASV_390"	0	0	0	0	0	0	0	0	0	0	0	0	0	0	0	70	0	0	0	0	0	0	0	0	0	0	0	0	0	0	0	0
"ASV_391"	0	0	0	0	0	69	0	0	0	0	0	0	0	0	0	0	0	0	0	0	0	0	0	0	0	0	0	0	0	0	0	0
"ASV_392"	0	0	0	0	0	0	0	0	0	0	0	0	0	0	0	69	0	0	0	0	0	0	0	0	0	0	0	0	0	0	0	0
"ASV_393"	0	0	0	2	0	0	0	59	0	1	0	0	0	0	1	0	0	1	0	0	0	1	0	1	0	1	0	0	0	0	1	0
"ASV_394"	0	0	0	0	0	0	0	0	0	0	0	0	0	0	0	68	0	0	0	0	0	0	0	0	0	0	0	0	0	0	0	0
"ASV_395"	0	0	0	0	67	0	0	0	0	0	0	0	0	0	0	0	0	0	0	0	0	0	0	0	0	0	0	0	0	0	0	0
"ASV_396"	0	0	0	0	0	67	0	0	0	0	0	0	0	0	0	0	0	0	0	0	0	0	0	0	0	0	0	0	0	0	0	0
"ASV_397"	0	0	0	0	0	0	0	0	0	0	0	0	0	0	0	67	0	0	0	0	0	0	0	0	0	0	0	0	0	0	0	0
"ASV_398"	0	0	0	0	0	0	0	0	0	0	0	0	0	0	0	67	0	0	0	0	0	0	0	0	0	0	0	0	0	0	0	0
"ASV_399"	0	0	0	0	0	0	0	0	0	0	0	0	0	0	0	24	0	0	0	0	0	0	0	42	0	0	0	0	0	0	0	0
"ASV_400"	0	0	0	0	0	0	0	0	0	0	0	0	0	0	0	0	0	0	0	0	0	65	0	0	0	0	0	0	0	0	0	0
"ASV_401"	0	0	0	1	0	0	0	0	0	0	0	0	0	1	0	61	0	1	0	0	0	0	0	0	0	0	0	0	0	0	0	0
"ASV_402"	0	0	0	0	0	0	60	0	0	0	0	0	3	0	0	0	0	0	0	0	0	0	0	0	0	0	0	1	0	0	0	0
"ASV_403"	0	0	0	62	0	0	0	0	0	0	0	0	0	0	0	0	0	0	0	0	0	0	0	0	0	0	0	0	0	0	0	0
"ASV_404"	0	0	0	0	0	0	0	0	0	0	0	0	0	0	0	62	0	0	0	0	0	0	0	0	0	0	0	0	0	0	0	0
"ASV_405"	0	0	0	61	0	0	0	0	0	0	0	0	0	0	0	0	0	0	0	0	0	0	0	0	0	0	0	0	0	0	0	0
"ASV_406"	0	0	0	0	0	0	0	0	0	0	0	0	0	0	0	0	0	0	0	0	2	0	0	0	0	58	0	0	0	0	0	0
"ASV_407"	0	0	0	0	0	59	0	0	0	0	0	0	0	0	0	0	0	0	0	0	0	0	0	0	0	0	0	0	0	0	0	0
"ASV_408"	0	0	0	0	0	0	0	0	0	0	0	0	0	0	0	59	0	0	0	0	0	0	0	0	0	0	0	0	0	0	0	0
"ASV_409"	0	0	0	0	0	0	0	0	0	0	0	0	0	0	0	59	0	0	0	0	0	0	0	0	0	0	0	0	0	0	0	0
"ASV_410"	0	0	0	0	0	0	0	0	0	0	0	0	0	0	0	59	0	0	0	0	0	0	0	0	0	0	0	0	0	0	0	0
"ASV_411"	0	0	0	0	0	0	0	0	0	0	0	0	0	0	0	59	0	0	0	0	0	0	0	0	0	0	0	0	0	0	0	0
"ASV_412"	0	0	0	0	0	0	0	0	0	0	0	0	0	0	0	59	0	0	0	0	0	0	0	0	0	0	0	0	0	0	0	0
"ASV_413"	0	0	0	0	0	0	0	0	0	0	0	0	0	0	0	58	0	0	0	0	0	0	0	0	0	0	0	0	0	0	0	0
"ASV_414"	0	0	0	0	0	0	0	0	0	0	0	0	0	0	0	0	0	0	0	0	0	0	0	0	0	0	18	0	0	0	40	0
"ASV_415"	0	0	0	0	0	57	0	0	0	0	0	0	0	0	0	0	0	0	0	0	0	0	0	0	0	0	0	0	0	0	0	0
"ASV_416"	0	0	0	0	0	0	0	0	0	0	0	0	0	0	0	0	0	57	0	0	0	0	0	0	0	0	0	0	0	0	0	0
"ASV_417"	0	0	0	0	0	0	0	0	0	0	0	0	0	0	0	56	0	0	0	0	0	0	0	0	0	0	0	0	0	0	0	0
"ASV_418"	0	0	0	0	0	0	0	0	0	0	0	0	0	0	0	56	0	0	0	0	0	0	0	0	0	0	0	0	0	0	0	0
"ASV_419"	0	0	0	0	0	0	0	0	0	0	0	0	0	0	0	56	0	0	0	0	0	0	0	0	0	0	0	0	0	0	0	0
"ASV_420"	0	2	0	8	2	28	0	0	0	0	0	1	0	2	0	3	0	2	0	0	0	1	2	1	1	2	0	0	0	0	0	0
"ASV_421"	0	0	0	0	0	0	0	0	0	0	0	0	0	0	0	55	0	0	0	0	0	0	0	0	0	0	0	0	0	0	0	0
"ASV_422"	0	0	0	0	0	54	0	0	0	0	0	0	0	0	0	0	0	0	0	0	0	0	0	0	0	0	0	0	0	0	0	0
"ASV_423"	0	0	0	0	0	0	0	0	0	0	0	0	0	0	1	0	0	0	0	0	0	53	0	0	0	0	0	0	0	0	0	0
"ASV_424"	0	0	0	52	0	0	0	0	0	0	0	0	0	0	0	0	0	0	0	0	0	0	0	0	0	0	0	0	0	0	0	0
"ASV_425"	0	0	0	0	0	0	0	0	0	0	0	1	0	0	0	0	0	0	0	0	0	0	0	51	0	0	0	0	0	0	0	0
"ASV_426"	0	0	0	0	0	0	0	0	0	0	0	0	0	0	0	51	0	0	1	0	0	0	0	0	0	0	0	0	0	0	0	0
"ASV_427"	0	0	0	0	0	0	0	0	0	0	0	0	0	0	0	0	0	0	0	52	0	0	0	0	0	0	0	0	0	0	0	0
"ASV_428"	0	0	0	0	0	51	0	0	0	0	0	0	0	0	0	0	0	0	0	0	0	0	0	0	0	0	0	0	0	0	0	0
"ASV_429"	0	0	0	0	0	0	0	0	0	0	0	0	0	0	0	51	0	0	0	0	0	0	0	0	0	0	0	0	0	0	0	0
"ASV_430"	0	0	0	0	0	0	0	0	0	0	0	0	0	0	0	0	0	0	0	0	0	0	0	0	0	0	0	0	0	0	51	0
"ASV_431"	0	0	0	0	0	16	0	0	0	0	0	0	0	0	0	34	0	0	0	0	0	0	0	0	0	0	0	0	0	0	0	0
"ASV_432"	0	0	0	0	0	0	0	0	0	0	0	0	0	0	0	50	0	0	0	0	0	0	0	0	0	0	0	0	0	0	0	0
"ASV_433"	0	0	0	0	0	0	0	43	0	0	0	1	0	0	0	1	0	1	0	1	0	1	0	1	0	0	0	0	0	0	0	0
"ASV_434"	0	0	0	0	0	0	0	0	0	0	0	0	0	0	0	49	0	0	0	0	0	0	0	0	0	0	0	0	0	0	0	0
"ASV_435"	0	0	0	1	0	0	0	0	0	0	0	0	0	0	0	0	0	0	0	0	0	47	0	0	0	0	0	0	0	0	0	0
"ASV_436"	0	0	0	0	0	0	0	0	0	0	0	0	0	0	0	48	0	0	0	0	0	0	0	0	0	0	0	0	0	0	0	0
"ASV_437"	0	0	0	0	0	1	0	0	0	0	42	0	0	0	0	3	0	0	0	0	0	0	0	0	0	0	0	0	0	0	0	0
"ASV_438"	0	0	0	0	0	45	0	0	0	0	0	0	0	0	0	0	0	0	0	0	0	0	0	0	0	0	0	0	0	0	0	0
"ASV_439"	0	0	0	0	0	0	0	0	0	0	0	0	0	0	0	45	0	0	0	0	0	0	0	0	0	0	0	0	0	0	0	0
"ASV_440"	0	0	0	0	0	0	0	0	0	0	0	0	0	0	0	45	0	0	0	0	0	0	0	0	0	0	0	0	0	0	0	0
"ASV_441"	0	0	0	6	3	3	0	0	0	0	0	0	0	0	0	2	0	1	0	0	0	29	0	0	0	0	0	0	0	0	0	0
"ASV_442"	0	0	0	3	26	3	0	0	0	0	0	0	0	0	0	7	0	2	0	3	0	0	0	0	0	0	0	0	0	0	0	0
"ASV_443"	0	0	0	0	0	0	0	0	0	0	0	0	0	0	0	44	0	0	0	0	0	0	0	0	0	0	0	0	0	0	0	0
"ASV_444"	0	0	0	1	1	1	0	38	0	0	0	0	0	0	0	1	0	0	0	0	0	0	0	0	0	0	0	0	0	1	0	0
"ASV_445"	0	0	0	0	0	0	0	0	0	0	0	0	0	0	0	43	0	0	0	0	0	0	0	0	0	0	0	0	0	0	0	0
"ASV_446"	0	0	0	0	0	0	0	0	0	0	0	0	0	0	0	43	0	0	0	0	0	0	0	0	0	0	0	0	0	0	0	0
"ASV_447"	0	0	0	0	0	0	0	0	0	0	0	0	0	0	0	43	0	0	0	0	0	0	0	0	0	0	0	0	0	0	0	0
"ASV_448"	0	0	0	0	0	0	0	0	0	0	0	0	0	0	0	42	0	0	0	0	0	0	0	0	0	0	0	0	0	0	0	0
"ASV_449"	0	0	0	0	0	41	0	0	0	0	0	0	0	0	0	0	0	0	0	0	0	0	0	0	0	0	0	0	0	0	0	0
"ASV_450"	0	0	0	0	0	0	0	0	0	0	0	41	0	0	0	0	0	0	0	0	0	0	0	0	0	0	0	0	0	0	0	0
"ASV_451"	0	0	0	0	0	40	0	0	0	0	0	0	0	0	0	0	0	0	0	0	0	0	0	0	0	0	0	0	0	0	0	0
"ASV_452"	0	0	0	0	0	16	0	0	0	0	0	0	0	0	0	0	0	0	0	0	0	0	0	0	0	0	0	0	24	0	0	0
"ASV_453"	0	0	0	0	0	0	0	0	0	0	0	0	0	0	0	0	0	0	0	0	0	0	0	0	0	40	0	0	0	0	0	0
"ASV_454"	0	0	0	0	0	0	0	0	0	0	0	0	0	0	0	0	0	0	0	0	0	0	0	0	0	0	0	0	40	0	0	0
"ASV_455"	0	2	0	6	0	3	0	3	0	1	0	1	0	1	2	2	1	1	0	6	0	2	0	0	0	0	0	0	0	7	1	0
"ASV_456"	0	0	0	0	0	0	0	0	0	0	0	0	0	0	0	39	0	0	0	0	0	0	0	0	0	0	0	0	0	0	0	0
"ASV_457"	0	0	0	0	0	0	0	0	0	0	0	0	0	0	0	39	0	0	0	0	0	0	0	0	0	0	0	0	0	0	0	0
"ASV_458"	0	0	0	0	0	38	0	0	0	0	0	0	0	0	0	0	0	0	0	0	0	0	0	0	0	0	0	0	0	0	0	0
"ASV_459"	0	0	0	0	0	0	0	0	0	0	0	0	0	0	0	38	0	0	0	0	0	0	0	0	0	0	0	0	0	0	0	0
"ASV_460"	0	0	0	8	3	0	0	0	0	0	0	0	0	0	0	1	0	2	0	2	0	2	2	1	0	0	0	0	0	16	0	0
"ASV_461"	0	0	0	0	0	0	0	0	0	0	0	0	0	0	0	37	0	0	0	0	0	0	0	0	0	0	0	0	0	0	0	0
"ASV_462"	0	0	0	0	0	0	0	0	0	0	0	0	0	0	0	36	0	0	0	0	0	0	0	0	0	0	0	0	0	0	0	0
"ASV_463"	0	0	0	0	0	0	0	0	0	0	0	0	0	0	0	36	0	0	0	0	0	0	0	0	0	0	0	0	0	0	0	0
"ASV_464"	0	0	0	0	0	0	0	0	35	0	0	0	0	0	0	0	0	0	0	0	0	0	0	0	0	0	0	0	0	0	0	0
"ASV_465"	0	0	0	0	0	0	0	0	0	0	0	0	0	0	0	35	0	0	0	0	0	0	0	0	0	0	0	0	0	0	0	0
"ASV_466"	0	0	0	1	1	1	0	0	0	0	0	0	0	0	0	29	0	0	0	0	0	1	0	0	0	0	0	0	0	0	0	0
"ASV_467"	0	0	0	0	0	0	0	0	0	0	0	0	0	0	0	3	0	0	0	0	0	0	0	30	0	0	0	0	0	0	0	0
"ASV_468"	0	0	0	0	0	0	0	0	0	0	0	0	0	0	0	32	0	0	0	0	0	0	0	0	0	0	0	0	0	0	0	0
"ASV_469"	0	0	0	0	0	0	0	0	0	0	0	0	0	0	0	32	0	0	0	0	0	0	0	0	0	0	0	0	0	0	0	0
"ASV_470"	0	0	0	0	0	0	0	0	0	0	0	0	0	0	0	32	0	0	0	0	0	0	0	0	0	0	0	0	0	0	0	0
"ASV_471"	0	0	0	0	0	0	0	0	0	0	0	0	0	0	0	32	0	0	0	0	0	0	0	0	0	0	0	0	0	0	0	0
"ASV_472"	0	0	0	0	0	0	0	0	0	0	0	0	0	0	0	0	0	0	0	0	0	0	0	32	0	0	0	0	0	0	0	0
"ASV_473"	0	0	0	1	0	0	0	0	0	0	0	0	0	0	0	30	0	0	0	0	0	0	0	0	0	0	0	0	0	0	0	0
"ASV_474"	0	0	0	0	0	0	0	0	0	31	0	0	0	0	0	0	0	0	0	0	0	0	0	0	0	0	0	0	0	0	0	0
"ASV_475"	0	0	0	0	0	0	0	0	0	0	0	0	0	0	1	0	0	0	0	0	0	0	0	30	0	0	0	0	0	0	0	0
"ASV_476"	0	0	0	0	0	0	0	0	0	0	0	0	0	0	0	31	0	0	0	0	0	0	0	0	0	0	0	0	0	0	0	0
"ASV_477"	0	0	0	0	0	0	0	0	0	0	0	30	0	0	0	0	0	0	0	0	0	0	0	0	0	0	0	0	0	0	0	0
"ASV_478"	0	0	0	0	0	0	0	0	0	0	0	4	0	0	0	0	0	26	0	0	0	0	0	0	0	0	0	0	0	0	0	0
"ASV_479"	0	0	0	0	0	0	0	0	0	0	0	0	0	0	0	30	0	0	0	0	0	0	0	0	0	0	0	0	0	0	0	0
"ASV_480"	0	0	0	0	0	0	0	0	0	0	0	0	0	0	0	30	0	0	0	0	0	0	0	0	0	0	0	0	0	0	0	0
"ASV_481"	0	0	0	0	0	0	0	0	29	0	0	0	0	0	0	0	0	0	0	0	0	0	0	0	0	0	0	0	0	0	0	0
"ASV_482"	0	0	0	0	0	0	0	0	0	0	0	0	0	0	0	28	0	0	0	0	0	0	0	0	0	0	0	0	0	0	0	0
"ASV_483"	0	0	0	0	0	26	0	0	0	0	0	0	0	0	0	0	0	0	0	0	0	0	0	0	0	0	0	0	0	0	0	0
"ASV_484"	0	0	0	0	0	0	0	0	0	0	0	0	0	0	0	26	0	0	0	0	0	0	0	0	0	0	0	0	0	0	0	0
"ASV_485"	0	0	0	0	0	0	0	0	25	0	0	0	0	0	0	0	0	0	0	0	0	0	0	0	0	0	0	0	0	0	0	0
"ASV_486"	0	0	0	0	0	0	0	0	0	0	0	0	0	0	9	0	0	0	0	0	0	0	0	0	0	0	0	15	0	0	0	1
"ASV_487"	0	0	0	3	0	20	0	0	0	0	0	0	0	0	0	0	0	1	0	0	0	0	0	0	0	0	0	0	0	0	0	0
"ASV_488"	0	0	0	0	0	0	0	0	0	0	0	0	0	0	0	0	0	0	0	0	0	0	0	0	0	0	0	23	0	0	0	0
"ASV_489"	0	0	0	0	0	0	0	0	0	0	0	0	0	0	0	0	0	0	0	0	0	0	0	0	0	0	0	23	0	0	0	0
"ASV_490"	0	0	0	17	0	0	0	0	0	0	0	0	0	0	0	0	0	0	0	0	0	0	0	0	0	5	0	0	0	0	0	0
"ASV_491"	0	0	0	16	0	0	0	0	0	0	0	0	0	0	0	0	0	0	0	0	0	6	0	0	0	0	0	0	0	0	0	0
"ASV_492"	0	0	0	4	0	1	0	0	1	0	0	0	0	0	0	2	0	0	0	2	0	0	1	0	0	0	0	0	0	11	0	0
"ASV_493"	0	0	0	1	0	0	0	0	0	0	0	0	0	0	0	20	0	0	0	0	0	0	0	0	0	0	0	0	0	0	0	0
"ASV_494"	0	0	0	0	0	21	0	0	0	0	0	0	0	0	0	0	0	0	0	0	0	0	0	0	0	0	0	0	0	0	0	0
"ASV_495"	0	0	0	0	0	0	0	0	0	0	0	0	0	0	0	21	0	0	0	0	0	0	0	0	0	0	0	0	0	0	0	0
"ASV_496"	0	0	0	0	0	0	0	0	0	0	0	0	0	0	0	20	0	0	0	0	0	0	0	0	0	0	0	0	0	0	0	0
"ASV_497"	0	0	0	1	0	1	0	0	0	0	0	0	0	0	0	17	0	0	0	0	0	0	0	0	0	0	0	0	0	0	0	0
"ASV_498"	0	0	0	0	0	0	0	0	0	0	0	19	0	0	0	0	0	0	0	0	0	0	0	0	0	0	0	0	0	0	0	0
"ASV_499"	0	0	0	0	0	0	0	0	0	0	0	0	0	0	0	19	0	0	0	0	0	0	0	0	0	0	0	0	0	0	0	0
"ASV_500"	0	0	0	0	0	0	0	0	0	0	0	0	0	0	0	19	0	0	0	0	0	0	0	0	0	0	0	0	0	0	0	0
"ASV_501"	0	1	0	0	14	1	0	0	0	0	0	0	0	0	0	0	0	0	0	0	0	0	0	0	0	0	0	0	0	0	0	0
"ASV_502"	0	0	0	16	0	0	0	0	0	0	0	0	0	0	0	0	0	0	0	0	0	0	0	0	0	0	0	0	0	0	0	0
"ASV_503"	0	0	0	0	0	0	0	0	0	0	0	0	0	0	0	16	0	0	0	0	0	0	0	0	0	0	0	0	0	0	0	0
"ASV_504"	0	0	0	5	0	0	0	0	1	0	0	0	0	0	1	0	0	1	0	0	0	0	0	0	0	1	0	0	0	6	0	0
"ASV_505"	0	0	0	0	0	0	0	0	0	0	0	0	0	0	0	0	0	0	0	0	0	0	0	0	0	0	0	15	0	0	0	0
"ASV_506"	0	0	0	12	0	1	0	0	0	0	0	0	0	0	0	1	0	0	0	0	0	0	0	0	0	0	0	0	0	0	0	0
"ASV_507"	0	0	0	0	0	0	0	0	0	0	0	13	0	0	1	0	0	0	0	0	0	0	0	0	0	0	0	0	0	0	0	0
"ASV_508"	0	0	0	0	0	0	0	0	0	0	0	0	0	0	0	14	0	0	0	0	0	0	0	0	0	0	0	0	0	0	0	0
"ASV_509"	0	0	0	0	0	0	0	0	0	0	0	0	0	0	0	0	0	0	0	0	0	0	0	0	0	0	0	0	14	0	0	0
"ASV_510"	0	0	0	0	0	0	0	0	0	0	0	0	0	0	0	0	0	0	0	0	0	0	0	0	0	0	0	0	0	0	0	14
"ASV_511"	0	0	0	1	1	0	0	0	0	0	0	0	0	0	0	7	0	0	0	2	0	0	0	0	0	0	0	0	1	1	0	0
"ASV_512"	12	0	0	0	0	0	0	0	0	0	0	0	0	0	0	0	0	0	0	0	0	0	0	0	0	0	0	0	0	0	0	0
"ASV_513"	0	0	0	0	10	0	0	0	0	0	0	0	0	0	0	1	0	1	0	0	0	0	0	0	0	0	0	0	0	0	0	0
"ASV_514"	0	0	0	0	7	5	0	0	0	0	0	0	0	0	0	0	0	0	0	0	0	0	0	0	0	0	0	0	0	0	0	0
"ASV_515"	0	0	0	0	0	0	0	0	0	0	0	0	0	0	5	3	0	0	0	0	0	4	0	0	0	0	0	0	0	0	0	0
"ASV_516"	0	0	0	0	0	11	0	0	0	0	0	0	0	0	0	0	0	0	0	0	0	0	0	0	0	0	0	0	0	0	0	0
"ASV_517"	0	0	0	0	0	1	0	0	0	0	0	0	0	0	0	3	0	7	0	0	0	0	0	0	0	0	0	0	0	0	0	0
"ASV_518"	0	0	0	1	0	9	0	0	0	0	0	0	0	0	0	0	0	0	0	0	0	0	0	0	0	0	0	0	0	0	0	0
"ASV_519"	0	0	0	0	0	0	0	0	0	0	0	0	0	0	0	0	0	0	0	0	0	0	0	10	0	0	0	0	0	0	0	0
"ASV_520"	0	0	0	0	0	9	0	0	0	0	0	0	0	0	0	0	0	0	0	0	0	0	0	0	0	0	0	0	0	0	0	0
"ASV_521"	0	0	0	0	0	0	0	0	0	0	0	0	0	0	0	9	0	0	0	0	0	0	0	0	0	0	0	0	0	0	0	0
"ASV_522"	0	0	0	0	0	0	0	0	0	0	0	0	0	0	0	0	0	0	0	9	0	0	0	0	0	0	0	0	0	0	0	0
"ASV_523"	0	0	0	0	0	0	0	0	0	0	0	0	0	0	0	0	0	0	0	0	0	0	0	0	0	0	0	0	0	0	8	0
"ASV_524"	0	0	0	1	0	1	0	0	0	0	0	0	0	0	0	1	0	0	0	4	0	0	0	0	0	0	0	0	0	0	0	0
"ASV_525"	0	0	0	0	0	0	0	0	0	0	0	0	0	0	5	0	0	0	0	0	0	2	0	0	0	0	0	0	0	0	0	0
"ASV_526"	0	2	0	0	4	0	0	0	0	0	0	0	0	0	0	0	0	0	0	0	0	0	0	0	0	0	0	0	0	0	0	0
"ASV_527"	0	0	0	3	0	0	0	0	0	0	0	0	0	0	3	0	0	0	0	0	0	0	0	0	0	0	0	0	0	0	0	0
"ASV_528"	0	0	0	0	0	0	0	0	0	0	0	0	0	0	6	0	0	0	0	0	0	0	0	0	0	0	0	0	0	0	0	0
"ASV_529"	0	0	0	0	0	0	0	0	0	0	0	0	0	0	0	0	0	0	0	0	0	6	0	0	0	0	0	0	0	0	0	0
"ASV_530"	0	0	0	0	0	0	0	0	0	0	0	0	0	0	0	0	0	0	0	0	0	0	0	0	0	0	0	0	0	6	0	0
"ASV_531"	0	0	0	0	1	1	0	0	0	0	0	0	0	0	2	1	0	0	0	0	0	0	0	0	0	0	0	0	0	0	0	0
"ASV_532"	0	0	0	0	0	0	0	0	0	0	0	0	0	0	2	2	0	1	0	0	0	0	0	0	0	0	0	0	0	0	0	0
"ASV_533"	0	0	0	4	0	0	0	0	0	0	0	0	0	0	0	0	0	0	0	0	0	0	0	0	0	0	0	0	0	0	0	0
"ASV_534"	0	0	0	4	0	0	0	0	0	0	0	0	0	0	0	0	0	0	0	0	0	0	0	0	0	0	0	0	0	0	0	0
"ASV_535"	0	0	0	0	0	1	0	0	0	0	0	0	0	0	0	1	0	2	0	0	0	0	0	0	0	0	0	0	0	0	0	0
"ASV_536"	0	0	0	0	0	0	0	0	0	0	0	0	0	0	0	0	0	0	0	0	0	4	0	0	0	0	0	0	0	0	0	0
"ASV_537"	0	0	0	0	0	0	0	0	0	0	0	0	0	0	0	0	0	0	0	0	0	4	0	0	0	0	0	0	0	0	0	0
"ASV_538"	0	0	0	3	0	0	0	0	0	0	0	0	0	0	0	0	0	0	0	0	0	0	0	0	0	0	0	0	0	0	0	0
"ASV_539"	0	0	0	0	1	1	0	0	0	0	0	0	0	0	1	0	0	0	0	0	0	0	0	0	0	0	0	0	0	0	0	0
"ASV_540"	0	0	0	0	0	1	0	0	0	0	0	0	0	0	0	0	0	0	0	2	0	0	0	0	0	0	0	0	0	0	0	0
"ASV_541"	0	0	0	0	0	0	0	0	0	0	0	0	0	0	0	1	0	1	1	0	0	0	0	0	0	0	0	0	0	0	0	0
"ASV_542"	0	0	0	2	0	0	0	0	0	0	0	0	0	0	0	0	0	0	0	0	0	0	0	0	0	0	0	0	0	0	0	0
"ASV_543"	0	0	0	0	2	0	0	0	0	0	0	0	0	0	0	0	0	0	0	0	0	0	0	0	0	0	0	0	0	0	0	0
"ASV_544"	0	0	0	0	1	0	0	0	0	0	0	0	0	0	0	0	0	0	0	1	0	0	0	0	0	0	0	0	0	0	0	0
"ASV_545"	0	0	0	0	0	2	0	0	0	0	0	0	0	0	0	0	0	0	0	0	0	0	0	0	0	0	0	0	0	0	0	0
"ASV_546"	0	0	0	0	0	2	0	0	0	0	0	0	0	0	0	0	0	0	0	0	0	0	0	0	0	0	0	0	0	0	0	0
"ASV_547"	0	0	0	0	0	0	0	0	0	0	0	2	0	0	0	0	0	0	0	0	0	0	0	0	0	0	0	0	0	0	0	0
"ASV_548"	0	0	0	0	0	0	0	0	0	0	0	0	0	2	0	0	0	0	0	0	0	0	0	0	0	0	0	0	0	0	0	0
"ASV_549"	0	0	0	0	0	0	0	0	0	0	0	0	0	0	0	2	0	0	0	0	0	0	0	0	0	0	0	0	0	0	0	0
"ASV_550"	0	0	0	0	0	0	0	0	0	0	0	0	0	0	0	0	0	2	0	0	0	0	0	0	0	0	0	0	0	0	0	0
"ASV_551"	0	0	0	0	0	0	0	0	0	0	0	0	0	0	0	0	0	0	0	1	0	0	0	0	0	1	0	0	0	0	0	0
"ASV_552"	0	0	0	1	0	0	0	0	0	0	0	0	0	0	0	0	0	0	0	0	0	0	0	0	0	0	0	0	0	0	0	0
"ASV_553"	0	0	0	0	1	0	0	0	0	0	0	0	0	0	0	0	0	0	0	0	0	0	0	0	0	0	0	0	0	0	0	0
"ASV_554"	0	0	0	0	1	0	0	0	0	0	0	0	0	0	0	0	0	0	0	0	0	0	0	0	0	0	0	0	0	0	0	0
"ASV_555"	0	0	0	0	0	1	0	0	0	0	0	0	0	0	0	0	0	0	0	0	0	0	0	0	0	0	0	0	0	0	0	0
"ASV_556"	0	0	0	0	0	0	0	0	1	0	0	0	0	0	0	0	0	0	0	0	0	0	0	0	0	0	0	0	0	0	0	0
"ASV_557"	0	0	0	0	0	0	0	0	0	0	0	1	0	0	0	0	0	0	0	0	0	0	0	0	0	0	0	0	0	0	0	0
"ASV_558"	0	0	0	0	0	0	0	0	0	0	0	0	0	0	0	1	0	0	0	0	0	0	0	0	0	0	0	0	0	0	0	0
"ASV_559"	0	0	0	0	0	0	0	0	0	0	0	0	0	0	0	1	0	0	0	0	0	0	0	0	0	0	0	0	0	0	0	0
"ASV_560"	0	0	0	0	0	0	0	0	0	0	0	0	0	0	0	1	0	0	0	0	0	0	0	0	0	0	0	0	0	0	0	0
"ASV_561"	0	0	0	0	0	0	0	0	0	0	0	0	0	0	0	1	0	0	0	0	0	0	0	0	0	0	0	0	0	0	0	0
"ASV_562"	0	0	0	0	0	0	0	0	0	0	0	0	0	0	0	1	0	0	0	0	0	0	0	0	0	0	0	0	0	0	0	0
"ASV_563"	0	0	0	0	0	0	0	0	0	0	0	0	0	0	0	0	0	1	0	0	0	0	0	0	0	0	0	0	0	0	0	0
"ASV_564"	0	0	0	0	0	0	0	0	0	0	0	0	0	0	0	0	0	1	0	0	0	0	0	0	0	0	0	0	0	0	0	0
"ASV_565"	0	0	0	0	0	0	0	0	0	0	0	0	0	0	0	0	0	0	0	0	0	1	0	0	0	0	0	0	0	0	0	0
"ASV_566"	0	0	0	0	0	0	0	0	0	0	0	0	0	0	0	0	0	0	0	0	0	1	0	0	0	0	0	0	0	0	0	0
